NAME,     lat,    lon,    alt,    trk,     gs,     vs,     time
unitless,   [deg],    [deg],   [ft],    [deg],   [kn],   [fpm],  [s]
Ownship  33.9500, -96.7000, 8700.0000, 180.0000, 151.0000, 0.0000, 0.0
Intruder0  33.1500, -96.6900, 9000.0000, 0.0000, 210.0000, 0.0000, 0.0
Ownship  33.9493, -96.7000, 8700.0000, 180.0000, 151.0000, 0.0000, 1.0
Intruder0  33.1510, -96.6900, 9000.0000, 0.0000, 210.0000, 0.0000, 1.0
Ownship  33.9486, -96.7000, 8700.0000, 180.0000, 151.0000, 0.0000, 2.0
Intruder0  33.1519, -96.6900, 9000.0000, 0.0000, 210.0000, 0.0000, 2.0
Ownship  33.9479, -96.7000, 8700.0000, 180.0000, 151.0000, 0.0000, 3.0
Intruder0  33.1529, -96.6900, 9000.0000, 0.0000, 210.0000, 0.0000, 3.0
Ownship  33.9472, -96.7000, 8700.0000, 180.0000, 151.0000, 0.0000, 4.0
Intruder0  33.1539, -96.6900, 9000.0000, 0.0000, 210.0000, 0.0000, 4.0
Ownship  33.9465, -96.7000, 8700.0000, 180.0000, 151.0000, 0.0000, 5.0
Intruder0  33.1549, -96.6900, 9000.0000, 0.0000, 210.0000, 0.0000, 5.0
Ownship  33.9458, -96.7000, 8700.0000, 180.0000, 151.0000, 0.0000, 6.0
Intruder0  33.1558, -96.6900, 9000.0000, 0.0000, 210.0000, 0.0000, 6.0
Ownship  33.9451, -96.7000, 8700.0000, 180.0000, 151.0000, 0.0000, 7.0
Intruder0  33.1568, -96.6900, 9000.0000, 0.0000, 210.0000, 0.0000, 7.0
Ownship  33.9444, -96.7000, 8700.0000, 180.0000, 151.0000, 0.0000, 8.0
Intruder0  33.1578, -96.6900, 9000.0000, 0.0000, 210.0000, 0.0000, 8.0
Ownship  33.9437, -96.7000, 8700.0000, 180.0000, 151.0000, 0.0000, 9.0
Intruder0  33.1588, -96.6900, 9000.0000, 0.0000, 210.0000, 0.0000, 9.0
Ownship  33.9430, -96.7000, 8700.0000, 180.0000, 151.0000, 0.0000, 10.0
Intruder0  33.1597, -96.6900, 9000.0000, 0.0000, 210.0000, 0.0000, 10.0
Ownship  33.9423, -96.7000, 8700.0000, 180.0000, 151.0000, 0.0000, 11.0
Intruder0  33.1607, -96.6900, 9000.0000, 0.0000, 210.0000, 0.0000, 11.0
Ownship  33.9416, -96.7000, 8700.0000, 180.0000, 151.0000, 0.0000, 12.0
Intruder0  33.1617, -96.6900, 9000.0000, 0.0000, 210.0000, 0.0000, 12.0
Ownship  33.9409, -96.7000, 8700.0000, 180.0000, 151.0000, 0.0000, 13.0
Intruder0  33.1626, -96.6900, 9000.0000, 0.0000, 210.0000, 0.0000, 13.0
Ownship  33.9402, -96.7000, 8700.0000, 180.0000, 151.0000, 0.0000, 14.0
Intruder0  33.1636, -96.6900, 9000.0000, 0.0000, 210.0000, 0.0000, 14.0
Ownship  33.9395, -96.7000, 8700.0000, 180.0000, 151.0000, 0.0000, 15.0
Intruder0  33.1646, -96.6900, 9000.0000, 0.0000, 210.0000, 0.0000, 15.0
Ownship  33.9388, -96.7000, 8700.0000, 180.0000, 151.0000, 0.0000, 16.0
Intruder0  33.1656, -96.6900, 9000.0000, 0.0000, 210.0000, 0.0000, 16.0
Ownship  33.9381, -96.7000, 8700.0000, 180.0000, 151.0000, 0.0000, 17.0
Intruder0  33.1665, -96.6900, 9000.0000, 0.0000, 210.0000, 0.0000, 17.0
Ownship  33.9374, -96.7000, 8700.0000, 180.0000, 151.0000, 0.0000, 18.0
Intruder0  33.1675, -96.6900, 9000.0000, 0.0000, 210.0000, 0.0000, 18.0
Ownship  33.9367, -96.7000, 8700.0000, 180.0000, 151.0000, 0.0000, 19.0
Intruder0  33.1685, -96.6900, 9000.0000, 0.0000, 210.0000, 0.0000, 19.0
Ownship  33.9360, -96.7000, 8700.0000, 180.0000, 151.0000, 0.0000, 20.0
Intruder0  33.1694, -96.6900, 9000.0000, 0.0000, 210.0000, 0.0000, 20.0
Ownship  33.9353, -96.7000, 8700.0000, 180.0000, 151.0000, 0.0000, 21.0
Intruder0  33.1704, -96.6900, 9000.0000, 0.0000, 210.0000, 0.0000, 21.0
Ownship  33.9346, -96.7000, 8700.0000, 180.0000, 151.0000, 0.0000, 22.0
Intruder0  33.1714, -96.6900, 9000.0000, 0.0000, 210.0000, 0.0000, 22.0
Ownship  33.9339, -96.7000, 8700.0000, 180.0000, 151.0000, 0.0000, 23.0
Intruder0  33.1724, -96.6900, 9000.0000, 0.0000, 210.0000, 0.0000, 23.0
Ownship  33.9332, -96.7000, 8700.0000, 180.0000, 151.0000, 0.0000, 24.0
Intruder0  33.1733, -96.6900, 9000.0000, 0.0000, 210.0000, 0.0000, 24.0
Ownship  33.9325, -96.7000, 8700.0000, 180.0000, 151.0000, 0.0000, 25.0
Intruder0  33.1743, -96.6900, 9000.0000, 0.0000, 210.0000, 0.0000, 25.0
Ownship  33.9318, -96.7000, 8700.0000, 180.0000, 151.0000, 0.0000, 26.0
Intruder0  33.1753, -96.6900, 9000.0000, 0.0000, 210.0000, 0.0000, 26.0
Ownship  33.9311, -96.7000, 8700.0000, 180.0000, 151.0000, 0.0000, 27.0
Intruder0  33.1762, -96.6900, 9000.0000, 0.0000, 210.0000, 0.0000, 27.0
Ownship  33.9304, -96.7000, 8700.0000, 180.0000, 151.0000, 0.0000, 28.0
Intruder0  33.1772, -96.6900, 9000.0000, 0.0000, 210.0000, 0.0000, 28.0
Ownship  33.9297, -96.7000, 8700.0000, 180.0000, 151.0000, 0.0000, 29.0
Intruder0  33.1782, -96.6900, 9000.0000, 0.0000, 210.0000, 0.0000, 29.0
Ownship  33.9290, -96.7000, 8700.0000, 180.0000, 151.0000, 0.0000, 30.0
Intruder0  33.1792, -96.6900, 9000.0000, 0.0000, 210.0000, 0.0000, 30.0
Ownship  33.9283, -96.7000, 8700.0000, 180.0000, 151.0000, 0.0000, 31.0
Intruder0  33.1801, -96.6900, 9000.0000, 0.0000, 210.0000, 0.0000, 31.0
Ownship  33.9276, -96.7000, 8700.0000, 180.0000, 151.0000, 0.0000, 32.0
Intruder0  33.1811, -96.6900, 9000.0000, 0.0000, 210.0000, 0.0000, 32.0
Ownship  33.9269, -96.7000, 8700.0000, 180.0000, 151.0000, 0.0000, 33.0
Intruder0  33.1821, -96.6900, 9000.0000, 0.0000, 210.0000, 0.0000, 33.0
Ownship  33.9262, -96.7000, 8700.0000, 180.0000, 151.0000, 0.0000, 34.0
Intruder0  33.1831, -96.6900, 9000.0000, 0.0000, 210.0000, 0.0000, 34.0
Ownship  33.9255, -96.7000, 8700.0000, 180.0000, 151.0000, 0.0000, 35.0
Intruder0  33.1840, -96.6900, 9000.0000, 0.0000, 210.0000, 0.0000, 35.0
Ownship  33.9248, -96.7000, 8700.0000, 180.0000, 151.0000, 0.0000, 36.0
Intruder0  33.1850, -96.6900, 9000.0000, 0.0000, 210.0000, 0.0000, 36.0
Ownship  33.9241, -96.7000, 8700.0000, 180.0000, 151.0000, 0.0000, 37.0
Intruder0  33.1860, -96.6900, 9000.0000, 0.0000, 210.0000, 0.0000, 37.0
Ownship  33.9234, -96.7000, 8700.0000, 180.0000, 151.0000, 0.0000, 38.0
Intruder0  33.1869, -96.6900, 9000.0000, 0.0000, 210.0000, 0.0000, 38.0
Ownship  33.9227, -96.7000, 8700.0000, 180.0000, 151.0000, 0.0000, 39.0
Intruder0  33.1879, -96.6900, 9000.0000, 0.0000, 210.0000, 0.0000, 39.0
Ownship  33.9220, -96.7000, 8700.0000, 180.0000, 151.0000, 0.0000, 40.0
Intruder0  33.1889, -96.6900, 9000.0000, 0.0000, 210.0000, 0.0000, 40.0
Ownship  33.9213, -96.7000, 8700.0000, 180.0000, 151.0000, 0.0000, 41.0
Intruder0  33.1899, -96.6900, 9000.0000, 0.0000, 210.0000, 0.0000, 41.0
Ownship  33.9206, -96.7000, 8700.0000, 180.0000, 151.0000, 0.0000, 42.0
Intruder0  33.1908, -96.6900, 9000.0000, 0.0000, 210.0000, 0.0000, 42.0
Ownship  33.9199, -96.7000, 8700.0000, 180.0000, 151.0000, 0.0000, 43.0
Intruder0  33.1918, -96.6900, 9000.0000, 0.0000, 210.0000, 0.0000, 43.0
Ownship  33.9192, -96.7000, 8700.0000, 180.0000, 151.0000, 0.0000, 44.0
Intruder0  33.1928, -96.6900, 9000.0000, 0.0000, 210.0000, 0.0000, 44.0
Ownship  33.9185, -96.7000, 8700.0000, 180.0000, 151.0000, 0.0000, 45.0
Intruder0  33.1938, -96.6900, 9000.0000, 0.0000, 210.0000, 0.0000, 45.0
Ownship  33.9178, -96.7000, 8700.0000, 180.0000, 151.0000, 0.0000, 46.0
Intruder0  33.1947, -96.6900, 9000.0000, 0.0000, 210.0000, 0.0000, 46.0
Ownship  33.9171, -96.7000, 8700.0000, 180.0000, 151.0000, 0.0000, 47.0
Intruder0  33.1957, -96.6900, 9000.0000, 0.0000, 210.0000, 0.0000, 47.0
Ownship  33.9164, -96.7000, 8700.0000, 180.0000, 151.0000, 0.0000, 48.0
Intruder0  33.1967, -96.6900, 9000.0000, 0.0000, 210.0000, 0.0000, 48.0
Ownship  33.9157, -96.7000, 8700.0000, 180.0000, 151.0000, 0.0000, 49.0
Intruder0  33.1976, -96.6900, 9000.0000, 0.0000, 210.0000, 0.0000, 49.0
Ownship  33.9150, -96.7000, 8700.0000, 180.0000, 151.0000, 0.0000, 50.0
Intruder0  33.1986, -96.6900, 9000.0000, 0.0000, 210.0000, 0.0000, 50.0
Ownship  33.9143, -96.7000, 8700.0000, 180.0000, 151.0000, 0.0000, 51.0
Intruder0  33.1996, -96.6900, 9000.0000, 0.0000, 210.0000, 0.0000, 51.0
Ownship  33.9136, -96.7000, 8700.0000, 180.0000, 151.0000, 0.0000, 52.0
Intruder0  33.2006, -96.6900, 9000.0000, 0.0000, 210.0000, 0.0000, 52.0
Ownship  33.9129, -96.7000, 8700.0000, 180.0000, 151.0000, 0.0000, 53.0
Intruder0  33.2015, -96.6900, 9000.0000, 0.0000, 210.0000, 0.0000, 53.0
Ownship  33.9123, -96.7000, 8700.0000, 180.0000, 151.0000, 0.0000, 54.0
Intruder0  33.2025, -96.6900, 9000.0000, 0.0000, 210.0000, 0.0000, 54.0
Ownship  33.9116, -96.7000, 8700.0000, 180.0000, 151.0000, 0.0000, 55.0
Intruder0  33.2035, -96.6900, 9000.0000, 0.0000, 210.0000, 0.0000, 55.0
Ownship  33.9109, -96.7000, 8700.0000, 180.0000, 151.0000, 0.0000, 56.0
Intruder0  33.2044, -96.6900, 9000.0000, 0.0000, 210.0000, 0.0000, 56.0
Ownship  33.9102, -96.7000, 8700.0000, 180.0000, 151.0000, 0.0000, 57.0
Intruder0  33.2054, -96.6900, 9000.0000, 0.0000, 210.0000, 0.0000, 57.0
Ownship  33.9095, -96.7000, 8700.0000, 180.0000, 151.0000, 0.0000, 58.0
Intruder0  33.2064, -96.6900, 9000.0000, 0.0000, 210.0000, 0.0000, 58.0
Ownship  33.9088, -96.7000, 8700.0000, 180.0000, 151.0000, 0.0000, 59.0
Intruder0  33.2074, -96.6900, 9000.0000, 0.0000, 210.0000, 0.0000, 59.0
Ownship  33.9081, -96.7000, 8700.0000, 180.0000, 151.0000, 0.0000, 60.0
Intruder0  33.2083, -96.6900, 9000.0000, 0.0000, 210.0000, 0.0000, 60.0
Ownship  33.9074, -96.7000, 8700.0000, 180.0000, 151.0000, 0.0000, 61.0
Intruder0  33.2093, -96.6900, 9000.0000, 0.0000, 210.0000, 0.0000, 61.0
Ownship  33.9067, -96.7000, 8700.0000, 180.0000, 151.0000, 0.0000, 62.0
Intruder0  33.2103, -96.6900, 9000.0000, 0.0000, 210.0000, 0.0000, 62.0
Ownship  33.9060, -96.7000, 8700.0000, 180.0000, 151.0000, 0.0000, 63.0
Intruder0  33.2112, -96.6900, 9000.0000, 0.0000, 210.0000, 0.0000, 63.0
Ownship  33.9053, -96.7000, 8700.0000, 180.0000, 151.0000, 0.0000, 64.0
Intruder0  33.2122, -96.6900, 9000.0000, 0.0000, 210.0000, 0.0000, 64.0
Ownship  33.9046, -96.7000, 8700.0000, 180.0000, 151.0000, 0.0000, 65.0
Intruder0  33.2132, -96.6900, 9000.0000, 0.0000, 210.0000, 0.0000, 65.0
Ownship  33.9039, -96.7000, 8700.0000, 180.0000, 151.0000, 0.0000, 66.0
Intruder0  33.2142, -96.6900, 9000.0000, 0.0000, 210.0000, 0.0000, 66.0
Ownship  33.9032, -96.7000, 8700.0000, 180.0000, 151.0000, 0.0000, 67.0
Intruder0  33.2151, -96.6900, 9000.0000, 0.0000, 210.0000, 0.0000, 67.0
Ownship  33.9025, -96.7000, 8700.0000, 180.0000, 151.0000, 0.0000, 68.0
Intruder0  33.2161, -96.6900, 9000.0000, 0.0000, 210.0000, 0.0000, 68.0
Ownship  33.9018, -96.7000, 8700.0000, 180.0000, 151.0000, 0.0000, 69.0
Intruder0  33.2171, -96.6900, 9000.0000, 0.0000, 210.0000, 0.0000, 69.0
Ownship  33.9011, -96.7000, 8700.0000, 180.0000, 151.0000, 0.0000, 70.0
Intruder0  33.2181, -96.6900, 9000.0000, 0.0000, 210.0000, 0.0000, 70.0
Ownship  33.9004, -96.7000, 8700.0000, 180.0000, 151.0000, 0.0000, 71.0
Intruder0  33.2190, -96.6900, 9000.0000, 0.0000, 210.0000, 0.0000, 71.0
Ownship  33.8997, -96.7000, 8700.0000, 180.0000, 151.0000, 0.0000, 72.0
Intruder0  33.2200, -96.6900, 9000.0000, 0.0000, 210.0000, 0.0000, 72.0
Ownship  33.8990, -96.7000, 8700.0000, 180.0000, 151.0000, 0.0000, 73.0
Intruder0  33.2210, -96.6900, 9000.0000, 0.0000, 210.0000, 0.0000, 73.0
Ownship  33.8983, -96.7000, 8700.0000, 180.0000, 151.0000, 0.0000, 74.0
Intruder0  33.2219, -96.6900, 9000.0000, 0.0000, 210.0000, 0.0000, 74.0
Ownship  33.8976, -96.7000, 8700.0000, 180.0000, 151.0000, 0.0000, 75.0
Intruder0  33.2229, -96.6900, 9000.0000, 0.0000, 210.0000, 0.0000, 75.0
Ownship  33.8969, -96.7000, 8700.0000, 180.0000, 151.0000, 0.0000, 76.0
Intruder0  33.2239, -96.6900, 9000.0000, 0.0000, 210.0000, 0.0000, 76.0
Ownship  33.8962, -96.7000, 8700.0000, 180.0000, 151.0000, 0.0000, 77.0
Intruder0  33.2249, -96.6900, 9000.0000, 0.0000, 210.0000, 0.0000, 77.0
Ownship  33.8955, -96.7000, 8700.0000, 180.0000, 151.0000, 0.0000, 78.0
Intruder0  33.2258, -96.6900, 9000.0000, 0.0000, 210.0000, 0.0000, 78.0
Ownship  33.8948, -96.7000, 8700.0000, 180.0000, 151.0000, 0.0000, 79.0
Intruder0  33.2268, -96.6900, 9000.0000, 0.0000, 210.0000, 0.0000, 79.0
Ownship  33.8941, -96.7000, 8700.0000, 180.0000, 151.0000, 0.0000, 80.0
Intruder0  33.2278, -96.6900, 9000.0000, 0.0000, 210.0000, 0.0000, 80.0
Ownship  33.8934, -96.7000, 8700.0000, 180.0000, 151.0000, 0.0000, 81.0
Intruder0  33.2288, -96.6900, 9000.0000, 0.0000, 210.0000, 0.0000, 81.0
Ownship  33.8927, -96.7000, 8700.0000, 180.0000, 151.0000, 0.0000, 82.0
Intruder0  33.2297, -96.6900, 9000.0000, 0.0000, 210.0000, 0.0000, 82.0
Ownship  33.8920, -96.7000, 8700.0000, 180.0000, 151.0000, 0.0000, 83.0
Intruder0  33.2307, -96.6900, 9000.0000, 0.0000, 210.0000, 0.0000, 83.0
Ownship  33.8913, -96.7000, 8700.0000, 180.0000, 151.0000, 0.0000, 84.0
Intruder0  33.2317, -96.6900, 9000.0000, 0.0000, 210.0000, 0.0000, 84.0
Ownship  33.8906, -96.7000, 8700.0000, 180.0000, 151.0000, 0.0000, 85.0
Intruder0  33.2326, -96.6900, 9000.0000, 0.0000, 210.0000, 0.0000, 85.0
Ownship  33.8899, -96.7000, 8700.0000, 180.0000, 151.0000, 0.0000, 86.0
Intruder0  33.2336, -96.6900, 9000.0000, 0.0000, 210.0000, 0.0000, 86.0
Ownship  33.8892, -96.7000, 8700.0000, 180.0000, 151.0000, 0.0000, 87.0
Intruder0  33.2346, -96.6900, 9000.0000, 0.0000, 210.0000, 0.0000, 87.0
Ownship  33.8885, -96.7000, 8700.0000, 180.0000, 151.0000, 0.0000, 88.0
Intruder0  33.2356, -96.6900, 9000.0000, 0.0000, 210.0000, 0.0000, 88.0
Ownship  33.8878, -96.7000, 8700.0000, 180.0000, 151.0000, 0.0000, 89.0
Intruder0  33.2365, -96.6900, 9000.0000, 0.0000, 210.0000, 0.0000, 89.0
Ownship  33.8871, -96.7000, 8700.0000, 180.0000, 151.0000, 0.0000, 90.0
Intruder0  33.2375, -96.6900, 9000.0000, 0.0000, 210.0000, 0.0000, 90.0
Ownship  33.8864, -96.7000, 8700.0000, 180.0000, 151.0000, 0.0000, 91.0
Intruder0  33.2385, -96.6900, 9000.0000, 0.0000, 210.0000, 0.0000, 91.0
Ownship  33.8857, -96.7000, 8700.0000, 180.0000, 151.0000, 0.0000, 92.0
Intruder0  33.2394, -96.6900, 9000.0000, 0.0000, 210.0000, 0.0000, 92.0
Ownship  33.8850, -96.7000, 8700.0000, 180.0000, 151.0000, 0.0000, 93.0
Intruder0  33.2404, -96.6900, 9000.0000, 0.0000, 210.0000, 0.0000, 93.0
Ownship  33.8843, -96.7000, 8700.0000, 180.0000, 151.0000, 0.0000, 94.0
Intruder0  33.2414, -96.6900, 9000.0000, 0.0000, 210.0000, 0.0000, 94.0
Ownship  33.8836, -96.7000, 8700.0000, 180.0000, 151.0000, 0.0000, 95.0
Intruder0  33.2424, -96.6900, 9000.0000, 0.0000, 210.0000, 0.0000, 95.0
Ownship  33.8829, -96.7000, 8700.0000, 180.0000, 151.0000, 0.0000, 96.0
Intruder0  33.2433, -96.6900, 9000.0000, 0.0000, 210.0000, 0.0000, 96.0
Ownship  33.8822, -96.7000, 8700.0000, 180.0000, 151.0000, 0.0000, 97.0
Intruder0  33.2443, -96.6900, 9000.0000, 0.0000, 210.0000, 0.0000, 97.0
Ownship  33.8815, -96.7000, 8700.0000, 180.0000, 151.0000, 0.0000, 98.0
Intruder0  33.2453, -96.6900, 9000.0000, 0.0000, 210.0000, 0.0000, 98.0
Ownship  33.8808, -96.7000, 8700.0000, 180.0000, 151.0000, 0.0000, 99.0
Intruder0  33.2462, -96.6900, 9000.0000, 0.0000, 210.0000, 0.0000, 99.0
Ownship  33.8801, -96.7000, 8700.0000, 180.0000, 151.0000, 0.0000, 100.0
Intruder0  33.2472, -96.6900, 9000.0000, 0.0000, 210.0000, 0.0000, 100.0
Ownship  33.8794, -96.7000, 8700.0000, 180.0000, 151.0000, 0.0000, 101.0
Intruder0  33.2482, -96.6900, 9000.0000, 0.0000, 210.0000, 0.0000, 101.0
Ownship  33.8787, -96.7000, 8700.0000, 180.0000, 151.0000, 0.0000, 102.0
Intruder0  33.2492, -96.6900, 9000.0000, 0.0000, 210.0000, 0.0000, 102.0
Ownship  33.8780, -96.7000, 8700.0000, 180.0000, 151.0000, 0.0000, 103.0
Intruder0  33.2501, -96.6900, 9000.0000, 0.0000, 210.0000, 0.0000, 103.0
Ownship  33.8773, -96.7000, 8700.0000, 180.0000, 151.0000, 0.0000, 104.0
Intruder0  33.2511, -96.6900, 9000.0000, 0.0000, 210.0000, 0.0000, 104.0
Ownship  33.8766, -96.7000, 8700.0000, 180.0000, 151.0000, 0.0000, 105.0
Intruder0  33.2521, -96.6900, 9000.0000, 0.0000, 210.0000, 0.0000, 105.0
Ownship  33.8759, -96.7000, 8700.0000, 180.0000, 151.0000, 0.0000, 106.0
Intruder0  33.2531, -96.6900, 9000.0000, 0.0000, 210.0000, 0.0000, 106.0
Ownship  33.8752, -96.7000, 8700.0000, 180.0000, 151.0000, 0.0000, 107.0
Intruder0  33.2540, -96.6900, 9000.0000, 0.0000, 210.0000, 0.0000, 107.0
Ownship  33.8745, -96.7000, 8700.0000, 180.0000, 151.0000, 0.0000, 108.0
Intruder0  33.2550, -96.6900, 9000.0000, 0.0000, 210.0000, 0.0000, 108.0
Ownship  33.8738, -96.7000, 8700.0000, 180.0000, 151.0000, 0.0000, 109.0
Intruder0  33.2560, -96.6900, 9000.0000, 0.0000, 210.0000, 0.0000, 109.0
Ownship  33.8731, -96.7000, 8700.0000, 180.0000, 151.0000, 0.0000, 110.0
Intruder0  33.2569, -96.6900, 9000.0000, 0.0000, 210.0000, 0.0000, 110.0
Ownship  33.8724, -96.7000, 8700.0000, 180.0000, 151.0000, 0.0000, 111.0
Intruder0  33.2579, -96.6900, 9000.0000, 0.0000, 210.0000, 0.0000, 111.0
Ownship  33.8717, -96.7000, 8700.0000, 180.0000, 151.0000, 0.0000, 112.0
Intruder0  33.2589, -96.6900, 9000.0000, 0.0000, 210.0000, 0.0000, 112.0
Ownship  33.8710, -96.7000, 8700.0000, 180.0000, 151.0000, 0.0000, 113.0
Intruder0  33.2599, -96.6900, 9000.0000, 0.0000, 210.0000, 0.0000, 113.0
Ownship  33.8703, -96.7000, 8700.0000, 180.0000, 151.0000, 0.0000, 114.0
Intruder0  33.2608, -96.6900, 9000.0000, 0.0000, 210.0000, 0.0000, 114.0
Ownship  33.8696, -96.7000, 8700.0000, 180.0000, 151.0000, 0.0000, 115.0
Intruder0  33.2618, -96.6900, 9000.0000, 0.0000, 210.0000, 0.0000, 115.0
Ownship  33.8689, -96.7000, 8700.0000, 180.0000, 151.0000, 0.0000, 116.0
Intruder0  33.2628, -96.6900, 9000.0000, 0.0000, 210.0000, 0.0000, 116.0
Ownship  33.8682, -96.7000, 8700.0000, 180.0000, 151.0000, 0.0000, 117.0
Intruder0  33.2637, -96.6900, 9000.0000, 0.0000, 210.0000, 0.0000, 117.0
Ownship  33.8675, -96.7000, 8700.0000, 180.0000, 151.0000, 0.0000, 118.0
Intruder0  33.2647, -96.6900, 9000.0000, 0.0000, 210.0000, 0.0000, 118.0
Ownship  33.8668, -96.7000, 8700.0000, 180.0000, 151.0000, 0.0000, 119.0
Intruder0  33.2657, -96.6900, 9000.0000, 0.0000, 210.0000, 0.0000, 119.0
Ownship  33.8661, -96.7000, 8700.0000, 180.0000, 151.0000, 0.0000, 120.0
Intruder0  33.2667, -96.6900, 9000.0000, 0.0000, 210.0000, 0.0000, 120.0
Ownship  33.8654, -96.7000, 8700.0000, 180.0000, 151.0000, 0.0000, 121.0
Intruder0  33.2676, -96.6900, 9000.0000, 0.0000, 210.0000, 0.0000, 121.0
Ownship  33.8647, -96.7000, 8700.0000, 180.0000, 151.0000, 0.0000, 122.0
Intruder0  33.2686, -96.6900, 9000.0000, 0.0000, 210.0000, 0.0000, 122.0
Ownship  33.8640, -96.7000, 8700.0000, 180.0000, 151.0000, 0.0000, 123.0
Intruder0  33.2696, -96.6900, 9000.0000, 0.0000, 210.0000, 0.0000, 123.0
Ownship  33.8633, -96.7000, 8700.0000, 180.0000, 151.0000, 0.0000, 124.0
Intruder0  33.2706, -96.6900, 9000.0000, 0.0000, 210.0000, 0.0000, 124.0
Ownship  33.8626, -96.7000, 8700.0000, 180.0000, 151.0000, 0.0000, 125.0
Intruder0  33.2715, -96.6900, 9000.0000, 0.0000, 210.0000, 0.0000, 125.0
Ownship  33.8619, -96.7000, 8700.0000, 180.0000, 151.0000, 0.0000, 126.0
Intruder0  33.2725, -96.6900, 9000.0000, 0.0000, 210.0000, 0.0000, 126.0
Ownship  33.8612, -96.7000, 8700.0000, 180.0000, 151.0000, 0.0000, 127.0
Intruder0  33.2735, -96.6900, 9000.0000, 0.0000, 210.0000, 0.0000, 127.0
Ownship  33.8605, -96.7000, 8700.0000, 180.0000, 151.0000, 0.0000, 128.0
Intruder0  33.2744, -96.6900, 9000.0000, 0.0000, 210.0000, 0.0000, 128.0
Ownship  33.8598, -96.7000, 8700.0000, 180.0000, 151.0000, 0.0000, 129.0
Intruder0  33.2754, -96.6900, 9000.0000, 0.0000, 210.0000, 0.0000, 129.0
Ownship  33.8591, -96.7000, 8700.0000, 180.0000, 151.0000, 0.0000, 130.0
Intruder0  33.2764, -96.6900, 9000.0000, 0.0000, 210.0000, 0.0000, 130.0
Ownship  33.8584, -96.7000, 8700.0000, 180.0000, 151.0000, 0.0000, 131.0
Intruder0  33.2774, -96.6900, 9000.0000, 0.0000, 210.0000, 0.0000, 131.0
Ownship  33.8577, -96.7000, 8700.0000, 180.0000, 151.0000, 0.0000, 132.0
Intruder0  33.2783, -96.6900, 9000.0000, 0.0000, 210.0000, 0.0000, 132.0
Ownship  33.8570, -96.7000, 8700.0000, 180.0000, 151.0000, 0.0000, 133.0
Intruder0  33.2793, -96.6900, 9000.0000, 0.0000, 210.0000, 0.0000, 133.0
Ownship  33.8563, -96.7000, 8700.0000, 180.0000, 151.0000, 0.0000, 134.0
Intruder0  33.2803, -96.6900, 9000.0000, 0.0000, 210.0000, 0.0000, 134.0
Ownship  33.8556, -96.7000, 8700.0000, 180.0000, 151.0000, 0.0000, 135.0
Intruder0  33.2813, -96.6900, 9000.0000, 0.0000, 210.0000, 0.0000, 135.0
Ownship  33.8549, -96.7000, 8700.0000, 180.0000, 151.0000, 0.0000, 136.0
Intruder0  33.2822, -96.6900, 9000.0000, 0.0000, 210.0000, 0.0000, 136.0
Ownship  33.8542, -96.7000, 8700.0000, 180.0000, 151.0000, 0.0000, 137.0
Intruder0  33.2832, -96.6900, 9000.0000, 0.0000, 210.0000, 0.0000, 137.0
Ownship  33.8535, -96.7000, 8700.0000, 180.0000, 151.0000, 0.0000, 138.0
Intruder0  33.2842, -96.6900, 9000.0000, 0.0000, 210.0000, 0.0000, 138.0
Ownship  33.8528, -96.7000, 8700.0000, 180.0000, 151.0000, 0.0000, 139.0
Intruder0  33.2851, -96.6900, 9000.0000, 0.0000, 210.0000, 0.0000, 139.0
Ownship  33.8521, -96.7000, 8700.0000, 180.0000, 151.0000, 0.0000, 140.0
Intruder0  33.2861, -96.6900, 9000.0000, 0.0000, 210.0000, 0.0000, 140.0
Ownship  33.8514, -96.7000, 8700.0000, 180.0000, 151.0000, 0.0000, 141.0
Intruder0  33.2871, -96.6900, 9000.0000, 0.0000, 210.0000, 0.0000, 141.0
Ownship  33.8507, -96.7000, 8700.0000, 180.0000, 151.0000, 0.0000, 142.0
Intruder0  33.2881, -96.6900, 9000.0000, 0.0000, 210.0000, 0.0000, 142.0
Ownship  33.8500, -96.7000, 8700.0000, 180.0000, 151.0000, 0.0000, 143.0
Intruder0  33.2890, -96.6900, 9000.0000, 0.0000, 210.0000, 0.0000, 143.0
Ownship  33.8493, -96.7000, 8700.0000, 180.0000, 151.0000, 0.0000, 144.0
Intruder0  33.2900, -96.6900, 9000.0000, 0.0000, 210.0000, 0.0000, 144.0
Ownship  33.8486, -96.7000, 8700.0000, 180.0000, 151.0000, 0.0000, 145.0
Intruder0  33.2910, -96.6900, 9000.0000, 0.0000, 210.0000, 0.0000, 145.0
Ownship  33.8479, -96.7000, 8700.0000, 180.0000, 151.0000, 0.0000, 146.0
Intruder0  33.2919, -96.6900, 9000.0000, 0.0000, 210.0000, 0.0000, 146.0
Ownship  33.8472, -96.7000, 8700.0000, 180.0000, 151.0000, 0.0000, 147.0
Intruder0  33.2929, -96.6900, 9000.0000, 0.0000, 210.0000, 0.0000, 147.0
Ownship  33.8465, -96.7000, 8700.0000, 180.0000, 151.0000, 0.0000, 148.0
Intruder0  33.2939, -96.6900, 9000.0000, 0.0000, 210.0000, 0.0000, 148.0
Ownship  33.8458, -96.7000, 8700.0000, 180.0000, 151.0000, 0.0000, 149.0
Intruder0  33.2949, -96.6900, 9000.0000, 0.0000, 210.0000, 0.0000, 149.0
Ownship  33.8451, -96.7000, 8700.0000, 180.0000, 151.0000, 0.0000, 150.0
Intruder0  33.2958, -96.6900, 9000.0000, 0.0000, 210.0000, 0.0000, 150.0
Ownship  33.8444, -96.7000, 8700.0000, 180.0000, 151.0000, 0.0000, 151.0
Intruder0  33.2968, -96.6900, 9000.0000, 0.0000, 210.0000, 0.0000, 151.0
Ownship  33.8437, -96.7000, 8700.0000, 180.0000, 151.0000, 0.0000, 152.0
Intruder0  33.2978, -96.6900, 9000.0000, 0.0000, 210.0000, 0.0000, 152.0
Ownship  33.8430, -96.7000, 8700.0000, 180.0000, 151.0000, 0.0000, 153.0
Intruder0  33.2988, -96.6900, 9000.0000, 0.0000, 210.0000, 0.0000, 153.0
Ownship  33.8423, -96.7000, 8700.0000, 180.0000, 151.0000, 0.0000, 154.0
Intruder0  33.2997, -96.6900, 9000.0000, 0.0000, 210.0000, 0.0000, 154.0
Ownship  33.8416, -96.7000, 8700.0000, 180.0000, 151.0000, 0.0000, 155.0
Intruder0  33.3007, -96.6900, 9000.0000, 0.0000, 210.0000, 0.0000, 155.0
Ownship  33.8409, -96.7000, 8700.0000, 180.0000, 151.0000, 0.0000, 156.0
Intruder0  33.3017, -96.6900, 9000.0000, 0.0000, 210.0000, 0.0000, 156.0
Ownship  33.8402, -96.7000, 8700.0000, 180.0000, 151.0000, 0.0000, 157.0
Intruder0  33.3026, -96.6900, 9000.0000, 0.0000, 210.0000, 0.0000, 157.0
Ownship  33.8395, -96.7000, 8700.0000, 180.0000, 151.0000, 0.0000, 158.0
Intruder0  33.3036, -96.6900, 9000.0000, 0.0000, 210.0000, 0.0000, 158.0
Ownship  33.8388, -96.7000, 8700.0000, 180.0000, 151.0000, 0.0000, 159.0
Intruder0  33.3046, -96.6900, 9000.0000, 0.0000, 210.0000, 0.0000, 159.0
Ownship  33.8381, -96.7000, 8700.0000, 180.0000, 151.0000, 0.0000, 160.0
Intruder0  33.3056, -96.6900, 9000.0000, 0.0000, 210.0000, 0.0000, 160.0
Ownship  33.8374, -96.7000, 8700.0000, 180.0000, 151.0000, 0.0000, 161.0
Intruder0  33.3065, -96.6900, 9000.0000, 0.0000, 210.0000, 0.0000, 161.0
Ownship  33.8368, -96.7000, 8700.0000, 180.0000, 151.0000, 0.0000, 162.0
Intruder0  33.3075, -96.6900, 9000.0000, 0.0000, 210.0000, 0.0000, 162.0
Ownship  33.8361, -96.7000, 8700.0000, 180.0000, 151.0000, 0.0000, 163.0
Intruder0  33.3085, -96.6900, 9000.0000, 0.0000, 210.0000, 0.0000, 163.0
Ownship  33.8354, -96.7000, 8700.0000, 180.0000, 151.0000, 0.0000, 164.0
Intruder0  33.3094, -96.6900, 9000.0000, 0.0000, 210.0000, 0.0000, 164.0
Ownship  33.8347, -96.7000, 8700.0000, 180.0000, 151.0000, 0.0000, 165.0
Intruder0  33.3104, -96.6900, 9000.0000, 0.0000, 210.0000, 0.0000, 165.0
Ownship  33.8340, -96.7000, 8700.0000, 180.0000, 151.0000, 0.0000, 166.0
Intruder0  33.3114, -96.6900, 9000.0000, 0.0000, 210.0000, 0.0000, 166.0
Ownship  33.8333, -96.7000, 8700.0000, 180.0000, 151.0000, 0.0000, 167.0
Intruder0  33.3124, -96.6900, 9000.0000, 0.0000, 210.0000, 0.0000, 167.0
Ownship  33.8326, -96.7000, 8700.0000, 180.0000, 151.0000, 0.0000, 168.0
Intruder0  33.3133, -96.6900, 9000.0000, 0.0000, 210.0000, 0.0000, 168.0
Ownship  33.8319, -96.7000, 8700.0000, 180.0000, 151.0000, 0.0000, 169.0
Intruder0  33.3143, -96.6900, 9000.0000, 0.0000, 210.0000, 0.0000, 169.0
Ownship  33.8312, -96.7000, 8700.0000, 180.0000, 151.0000, 0.0000, 170.0
Intruder0  33.3153, -96.6900, 9000.0000, 0.0000, 210.0000, 0.0000, 170.0
Ownship  33.8305, -96.7000, 8700.0000, 180.0000, 151.0000, 0.0000, 171.0
Intruder0  33.3163, -96.6900, 9000.0000, 0.0000, 210.0000, 0.0000, 171.0
Ownship  33.8298, -96.7000, 8700.0000, 180.0000, 151.0000, 0.0000, 172.0
Intruder0  33.3172, -96.6900, 9000.0000, 0.0000, 210.0000, 0.0000, 172.0
Ownship  33.8291, -96.7000, 8700.0000, 180.0000, 151.0000, 0.0000, 173.0
Intruder0  33.3182, -96.6900, 9000.0000, 0.0000, 210.0000, 0.0000, 173.0
Ownship  33.8284, -96.7000, 8700.0000, 180.0000, 151.0000, 0.0000, 174.0
Intruder0  33.3192, -96.6900, 9000.0000, 0.0000, 210.0000, 0.0000, 174.0
Ownship  33.8277, -96.7000, 8700.0000, 180.0000, 151.0000, 0.0000, 175.0
Intruder0  33.3201, -96.6900, 9000.0000, 0.0000, 210.0000, 0.0000, 175.0
Ownship  33.8270, -96.7000, 8700.0000, 180.0000, 151.0000, 0.0000, 176.0
Intruder0  33.3211, -96.6900, 9000.0000, 0.0000, 210.0000, 0.0000, 176.0
Ownship  33.8263, -96.7000, 8700.0000, 180.0000, 151.0000, 0.0000, 177.0
Intruder0  33.3221, -96.6900, 9000.0000, 0.0000, 210.0000, 0.0000, 177.0
Ownship  33.8256, -96.7000, 8700.0000, 180.0000, 151.0000, 0.0000, 178.0
Intruder0  33.3231, -96.6900, 9000.0000, 0.0000, 210.0000, 0.0000, 178.0
Ownship  33.8249, -96.7000, 8700.0000, 180.0000, 151.0000, 0.0000, 179.0
Intruder0  33.3240, -96.6900, 9000.0000, 0.0000, 210.0000, 0.0000, 179.0
Ownship  33.8242, -96.7000, 8700.0000, 180.0000, 151.0000, 0.0000, 180.0
Intruder0  33.3250, -96.6900, 9000.0000, 0.0000, 210.0000, 0.0000, 180.0
Ownship  33.8235, -96.7000, 8700.0000, 180.0000, 151.0000, 0.0000, 181.0
Intruder0  33.3260, -96.6900, 9000.0000, 0.0000, 210.0000, 0.0000, 181.0
Ownship  33.8228, -96.7000, 8700.0000, 180.0000, 151.0000, 0.0000, 182.0
Intruder0  33.3269, -96.6900, 9000.0000, 0.0000, 210.0000, 0.0000, 182.0
Ownship  33.8221, -96.7000, 8700.0000, 180.0000, 151.0000, 0.0000, 183.0
Intruder0  33.3279, -96.6900, 9000.0000, 0.0000, 210.0000, 0.0000, 183.0
Ownship  33.8214, -96.7000, 8700.0000, 180.0000, 151.0000, 0.0000, 184.0
Intruder0  33.3289, -96.6900, 9000.0000, 0.0000, 210.0000, 0.0000, 184.0
Ownship  33.8207, -96.7000, 8700.0000, 180.0000, 151.0000, 0.0000, 185.0
Intruder0  33.3299, -96.6900, 9000.0000, 0.0000, 210.0000, 0.0000, 185.0
Ownship  33.8200, -96.7000, 8700.0000, 180.0000, 151.0000, 0.0000, 186.0
Intruder0  33.3308, -96.6900, 9000.0000, 0.0000, 210.0000, 0.0000, 186.0
Ownship  33.8193, -96.7000, 8700.0000, 180.0000, 151.0000, 0.0000, 187.0
Intruder0  33.3318, -96.6900, 9000.0000, 0.0000, 210.0000, 0.0000, 187.0
Ownship  33.8186, -96.7000, 8700.0000, 180.0000, 151.0000, 0.0000, 188.0
Intruder0  33.3328, -96.6900, 9000.0000, 0.0000, 210.0000, 0.0000, 188.0
Ownship  33.8179, -96.7000, 8700.0000, 180.0000, 151.0000, 0.0000, 189.0
Intruder0  33.3337, -96.6900, 9000.0000, 0.0000, 210.0000, 0.0000, 189.0
Ownship  33.8172, -96.7000, 8700.0000, 180.0000, 151.0000, 0.0000, 190.0
Intruder0  33.3347, -96.6900, 9000.0000, 0.0000, 210.0000, 0.0000, 190.0
Ownship  33.8165, -96.7000, 8700.0000, 180.0000, 151.0000, 0.0000, 191.0
Intruder0  33.3357, -96.6900, 9000.0000, 0.0000, 210.0000, 0.0000, 191.0
Ownship  33.8158, -96.7000, 8700.0000, 180.0000, 151.0000, 0.0000, 192.0
Intruder0  33.3367, -96.6900, 9000.0000, 0.0000, 210.0000, 0.0000, 192.0
Ownship  33.8151, -96.7000, 8700.0000, 180.0000, 151.0000, 0.0000, 193.0
Intruder0  33.3376, -96.6900, 9000.0000, 0.0000, 210.0000, 0.0000, 193.0
Ownship  33.8144, -96.7000, 8700.0000, 180.0000, 151.0000, 0.0000, 194.0
Intruder0  33.3386, -96.6900, 9000.0000, 0.0000, 210.0000, 0.0000, 194.0
Ownship  33.8137, -96.7000, 8700.0000, 180.0000, 151.0000, 0.0000, 195.0
Intruder0  33.3396, -96.6900, 9000.0000, 0.0000, 210.0000, 0.0000, 195.0
Ownship  33.8130, -96.7000, 8700.0000, 180.0000, 151.0000, 0.0000, 196.0
Intruder0  33.3406, -96.6900, 9000.0000, 0.0000, 210.0000, 0.0000, 196.0
Ownship  33.8123, -96.7000, 8700.0000, 180.0000, 151.0000, 0.0000, 197.0
Intruder0  33.3415, -96.6900, 9000.0000, 0.0000, 210.0000, 0.0000, 197.0
Ownship  33.8116, -96.7000, 8700.0000, 180.0000, 151.0000, 0.0000, 198.0
Intruder0  33.3425, -96.6900, 9000.0000, 0.0000, 210.0000, 0.0000, 198.0
Ownship  33.8109, -96.7000, 8700.0000, 180.0000, 151.0000, 0.0000, 199.0
Intruder0  33.3435, -96.6900, 9000.0000, 0.0000, 210.0000, 0.0000, 199.0
Ownship  33.8102, -96.7000, 8700.0000, 180.0000, 151.0000, 0.0000, 200.0
Intruder0  33.3444, -96.6900, 9000.0000, 0.0000, 210.0000, 0.0000, 200.0
Ownship  33.8095, -96.7000, 8700.0000, 180.0000, 151.0000, 0.0000, 201.0
Intruder0  33.3454, -96.6900, 9000.0000, 0.0000, 210.0000, 0.0000, 201.0
Ownship  33.8088, -96.7000, 8700.0000, 180.0000, 151.0000, 0.0000, 202.0
Intruder0  33.3464, -96.6900, 9000.0000, 0.0000, 210.0000, 0.0000, 202.0
Ownship  33.8081, -96.7000, 8700.0000, 180.0000, 151.0000, 0.0000, 203.0
Intruder0  33.3474, -96.6900, 9000.0000, 0.0000, 210.0000, 0.0000, 203.0
Ownship  33.8074, -96.7000, 8700.0000, 180.0000, 151.0000, 0.0000, 204.0
Intruder0  33.3483, -96.6900, 9000.0000, 0.0000, 210.0000, 0.0000, 204.0
Ownship  33.8067, -96.7000, 8700.0000, 180.0000, 151.0000, 0.0000, 205.0
Intruder0  33.3493, -96.6900, 9000.0000, 0.0000, 210.0000, 0.0000, 205.0
Ownship  33.8060, -96.7000, 8700.0000, 180.0000, 151.0000, 0.0000, 206.0
Intruder0  33.3503, -96.6900, 9000.0000, 0.0000, 210.0000, 0.0000, 206.0
Ownship  33.8053, -96.7000, 8700.0000, 180.0000, 151.0000, 0.0000, 207.0
Intruder0  33.3513, -96.6900, 9000.0000, 0.0000, 210.0000, 0.0000, 207.0
Ownship  33.8046, -96.7000, 8700.0000, 180.0000, 151.0000, 0.0000, 208.0
Intruder0  33.3522, -96.6900, 9000.0000, 0.0000, 210.0000, 0.0000, 208.0
Ownship  33.8039, -96.7000, 8700.0000, 180.0000, 151.0000, 0.0000, 209.0
Intruder0  33.3532, -96.6900, 9000.0000, 0.0000, 210.0000, 0.0000, 209.0
Ownship  33.8032, -96.7000, 8700.0000, 180.0000, 151.0000, 0.0000, 210.0
Intruder0  33.3542, -96.6900, 9000.0000, 0.0000, 210.0000, 0.0000, 210.0
Ownship  33.8025, -96.7000, 8700.0000, 180.0000, 151.0000, 0.0000, 211.0
Intruder0  33.3551, -96.6900, 9000.0000, 0.0000, 210.0000, 0.0000, 211.0
Ownship  33.8018, -96.7000, 8700.0000, 180.0000, 151.0000, 0.0000, 212.0
Intruder0  33.3561, -96.6900, 9000.0000, 0.0000, 210.0000, 0.0000, 212.0
Ownship  33.8011, -96.7000, 8700.0000, 180.0000, 151.0000, 0.0000, 213.0
Intruder0  33.3571, -96.6900, 9000.0000, 0.0000, 210.0000, 0.0000, 213.0
Ownship  33.8004, -96.7000, 8700.0000, 180.0000, 151.0000, 0.0000, 214.0
Intruder0  33.3581, -96.6900, 9000.0000, 0.0000, 210.0000, 0.0000, 214.0
Ownship  33.7997, -96.7000, 8700.0000, 180.0000, 151.0000, 0.0000, 215.0
Intruder0  33.3590, -96.6900, 9000.0000, 0.0000, 210.0000, 0.0000, 215.0
Ownship  33.7990, -96.7000, 8700.0000, 180.0000, 151.0000, 0.0000, 216.0
Intruder0  33.3600, -96.6900, 9000.0000, 0.0000, 210.0000, 0.0000, 216.0
Ownship  33.7983, -96.7000, 8700.0000, 180.0000, 151.0000, 0.0000, 217.0
Intruder0  33.3610, -96.6900, 9000.0000, 0.0000, 210.0000, 0.0000, 217.0
Ownship  33.7976, -96.7000, 8700.0000, 180.0000, 151.0000, 0.0000, 218.0
Intruder0  33.3619, -96.6900, 9000.0000, 0.0000, 210.0000, 0.0000, 218.0
Ownship  33.7969, -96.7000, 8700.0000, 180.0000, 151.0000, 0.0000, 219.0
Intruder0  33.3629, -96.6900, 9000.0000, 0.0000, 210.0000, 0.0000, 219.0
Ownship  33.7962, -96.7000, 8700.0000, 180.0000, 151.0000, 0.0000, 220.0
Intruder0  33.3639, -96.6900, 9000.0000, 0.0000, 210.0000, 0.0000, 220.0
Ownship  33.7955, -96.7000, 8700.0000, 180.0000, 151.0000, 0.0000, 221.0
Intruder0  33.3649, -96.6900, 9000.0000, 0.0000, 210.0000, 0.0000, 221.0
Ownship  33.7948, -96.7000, 8700.0000, 180.0000, 151.0000, 0.0000, 222.0
Intruder0  33.3658, -96.6900, 9000.0000, 0.0000, 210.0000, 0.0000, 222.0
Ownship  33.7941, -96.7000, 8700.0000, 180.0000, 151.0000, 0.0000, 223.0
Intruder0  33.3668, -96.6900, 9000.0000, 0.0000, 210.0000, 0.0000, 223.0
Ownship  33.7934, -96.7000, 8700.0000, 180.0000, 151.0000, 0.0000, 224.0
Intruder0  33.3678, -96.6900, 9000.0000, 0.0000, 210.0000, 0.0000, 224.0
Ownship  33.7927, -96.7000, 8700.0000, 180.0000, 151.0000, 0.0000, 225.0
Intruder0  33.3688, -96.6900, 9000.0000, 0.0000, 210.0000, 0.0000, 225.0
Ownship  33.7920, -96.7000, 8700.0000, 180.0000, 151.0000, 0.0000, 226.0
Intruder0  33.3697, -96.6900, 9000.0000, 0.0000, 210.0000, 0.0000, 226.0
Ownship  33.7913, -96.7000, 8700.0000, 180.0000, 151.0000, 0.0000, 227.0
Intruder0  33.3707, -96.6900, 9000.0000, 0.0000, 210.0000, 0.0000, 227.0
Ownship  33.7906, -96.7000, 8700.0000, 180.0000, 151.0000, 0.0000, 228.0
Intruder0  33.3717, -96.6900, 9000.0000, 0.0000, 210.0000, 0.0000, 228.0
Ownship  33.7899, -96.7000, 8700.0000, 180.0000, 151.0000, 0.0000, 229.0
Intruder0  33.3726, -96.6900, 9000.0000, 0.0000, 210.0000, 0.0000, 229.0
Ownship  33.7892, -96.7000, 8700.0000, 180.0000, 151.0000, 0.0000, 230.0
Intruder0  33.3736, -96.6900, 9000.0000, 0.0000, 210.0000, 0.0000, 230.0
Ownship  33.7885, -96.7000, 8700.0000, 180.0000, 151.0000, 0.0000, 231.0
Intruder0  33.3746, -96.6900, 9000.0000, 0.0000, 210.0000, 0.0000, 231.0
Ownship  33.7878, -96.7000, 8700.0000, 180.0000, 151.0000, 0.0000, 232.0
Intruder0  33.3756, -96.6900, 9000.0000, 0.0000, 210.0000, 0.0000, 232.0
Ownship  33.7871, -96.7000, 8700.0000, 180.0000, 151.0000, 0.0000, 233.0
Intruder0  33.3765, -96.6900, 9000.0000, 0.0000, 210.0000, 0.0000, 233.0
Ownship  33.7864, -96.7000, 8700.0000, 180.0000, 151.0000, 0.0000, 234.0
Intruder0  33.3775, -96.6900, 9000.0000, 0.0000, 210.0000, 0.0000, 234.0
Ownship  33.7857, -96.7000, 8700.0000, 180.0000, 151.0000, 0.0000, 235.0
Intruder0  33.3785, -96.6900, 9000.0000, 0.0000, 210.0000, 0.0000, 235.0
Ownship  33.7850, -96.7000, 8700.0000, 180.0000, 151.0000, 0.0000, 236.0
Intruder0  33.3794, -96.6900, 9000.0000, 0.0000, 210.0000, 0.0000, 236.0
Ownship  33.7843, -96.7000, 8700.0000, 180.0000, 151.0000, 0.0000, 237.0
Intruder0  33.3804, -96.6900, 9000.0000, 0.0000, 210.0000, 0.0000, 237.0
Ownship  33.7836, -96.7000, 8700.0000, 180.0000, 151.0000, 0.0000, 238.0
Intruder0  33.3814, -96.6900, 9000.0000, 0.0000, 210.0000, 0.0000, 238.0
Ownship  33.7829, -96.7000, 8700.0000, 180.0000, 151.0000, 0.0000, 239.0
Intruder0  33.3824, -96.6900, 9000.0000, 0.0000, 210.0000, 0.0000, 239.0
Ownship  33.7822, -96.7000, 8700.0000, 180.0000, 151.0000, 0.0000, 240.0
Intruder0  33.3833, -96.6900, 9000.0000, 0.0000, 210.0000, 0.0000, 240.0
Ownship  33.7815, -96.7000, 8700.0000, 180.0000, 151.0000, 0.0000, 241.0
Intruder0  33.3843, -96.6900, 9000.0000, 0.0000, 210.0000, 0.0000, 241.0
Ownship  33.7808, -96.7000, 8700.0000, 180.0000, 151.0000, 0.0000, 242.0
Intruder0  33.3853, -96.6900, 9000.0000, 0.0000, 210.0000, 0.0000, 242.0
Ownship  33.7801, -96.7000, 8700.0000, 180.0000, 151.0000, 0.0000, 243.0
Intruder0  33.3863, -96.6900, 9000.0000, 0.0000, 210.0000, 0.0000, 243.0
Ownship  33.7794, -96.7000, 8700.0000, 180.0000, 151.0000, 0.0000, 244.0
Intruder0  33.3872, -96.6900, 9000.0000, 0.0000, 210.0000, 0.0000, 244.0
Ownship  33.7787, -96.7000, 8700.0000, 180.0000, 151.0000, 0.0000, 245.0
Intruder0  33.3882, -96.6900, 9000.0000, 0.0000, 210.0000, 0.0000, 245.0
Ownship  33.7780, -96.7000, 8700.0000, 180.0000, 151.0000, 0.0000, 246.0
Intruder0  33.3892, -96.6900, 9000.0000, 0.0000, 210.0000, 0.0000, 246.0
Ownship  33.7773, -96.7000, 8700.0000, 180.0000, 151.0000, 0.0000, 247.0
Intruder0  33.3901, -96.6900, 9000.0000, 0.0000, 210.0000, 0.0000, 247.0
Ownship  33.7766, -96.7000, 8700.0000, 180.0000, 151.0000, 0.0000, 248.0
Intruder0  33.3911, -96.6900, 9000.0000, 0.0000, 210.0000, 0.0000, 248.0
Ownship  33.7759, -96.7000, 8700.0000, 180.0000, 151.0000, 0.0000, 249.0
Intruder0  33.3921, -96.6900, 9000.0000, 0.0000, 210.0000, 0.0000, 249.0
Ownship  33.7752, -96.7000, 8700.0000, 180.0000, 151.0000, 0.0000, 250.0
Intruder0  33.3931, -96.6900, 9000.0000, 0.0000, 210.0000, 0.0000, 250.0
Ownship  33.7745, -96.7000, 8700.0000, 180.0000, 151.0000, 0.0000, 251.0
Intruder0  33.3940, -96.6900, 9000.0000, 0.0000, 210.0000, 0.0000, 251.0
Ownship  33.7738, -96.7000, 8700.0000, 180.0000, 151.0000, 0.0000, 252.0
Intruder0  33.3950, -96.6900, 9000.0000, 0.0000, 210.0000, 0.0000, 252.0
Ownship  33.7731, -96.7000, 8700.0000, 180.0000, 151.0000, 0.0000, 253.0
Intruder0  33.3960, -96.6900, 9000.0000, 0.0000, 210.0000, 0.0000, 253.0
Ownship  33.7724, -96.7000, 8700.0000, 180.0000, 151.0000, 0.0000, 254.0
Intruder0  33.3969, -96.6900, 9000.0000, 0.0000, 210.0000, 0.0000, 254.0
Ownship  33.7717, -96.7000, 8700.0000, 180.0000, 151.0000, 0.0000, 255.0
Intruder0  33.3979, -96.6900, 9000.0000, 0.0000, 210.0000, 0.0000, 255.0
Ownship  33.7710, -96.7000, 8700.0000, 180.0000, 151.0000, 0.0000, 256.0
Intruder0  33.3989, -96.6900, 9000.0000, 0.0000, 210.0000, 0.0000, 256.0
Ownship  33.7703, -96.7000, 8700.0000, 180.0000, 151.0000, 0.0000, 257.0
Intruder0  33.3999, -96.6900, 9000.0000, 0.0000, 210.0000, 0.0000, 257.0
Ownship  33.7696, -96.7000, 8700.0000, 180.0000, 151.0000, 0.0000, 258.0
Intruder0  33.4008, -96.6900, 9000.0000, 0.0000, 210.0000, 0.0000, 258.0
Ownship  33.7689, -96.7000, 8700.0000, 180.0000, 151.0000, 0.0000, 259.0
Intruder0  33.4018, -96.6900, 9000.0000, 0.0000, 210.0000, 0.0000, 259.0
Ownship  33.7682, -96.7000, 8700.0000, 180.0000, 151.0000, 0.0000, 260.0
Intruder0  33.4028, -96.6900, 9000.0000, 0.0000, 210.0000, 0.0000, 260.0
Ownship  33.7675, -96.7000, 8700.0000, 180.0000, 151.0000, 0.0000, 261.0
Intruder0  33.4038, -96.6900, 9000.0000, 0.0000, 210.0000, 0.0000, 261.0
Ownship  33.7668, -96.7000, 8700.0000, 180.0000, 151.0000, 0.0000, 262.0
Intruder0  33.4047, -96.6900, 9000.0000, 0.0000, 210.0000, 0.0000, 262.0
Ownship  33.7661, -96.7000, 8700.0000, 180.0000, 151.0000, 0.0000, 263.0
Intruder0  33.4057, -96.6900, 9000.0000, 0.0000, 210.0000, 0.0000, 263.0
Ownship  33.7654, -96.7000, 8700.0000, 180.0000, 151.0000, 0.0000, 264.0
Intruder0  33.4067, -96.6900, 9000.0000, 0.0000, 210.0000, 0.0000, 264.0
Ownship  33.7647, -96.7000, 8700.0000, 180.0000, 151.0000, 0.0000, 265.0
Intruder0  33.4076, -96.6900, 9000.0000, 0.0000, 210.0000, 0.0000, 265.0
Ownship  33.7640, -96.7000, 8700.0000, 180.0000, 151.0000, 0.0000, 266.0
Intruder0  33.4086, -96.6900, 9000.0000, 0.0000, 210.0000, 0.0000, 266.0
Ownship  33.7633, -96.7000, 8700.0000, 180.0000, 151.0000, 0.0000, 267.0
Intruder0  33.4096, -96.6900, 9000.0000, 0.0000, 210.0000, 0.0000, 267.0
Ownship  33.7626, -96.7000, 8700.0000, 180.0000, 151.0000, 0.0000, 268.0
Intruder0  33.4106, -96.6900, 9000.0000, 0.0000, 210.0000, 0.0000, 268.0
Ownship  33.7619, -96.7000, 8700.0000, 180.0000, 151.0000, 0.0000, 269.0
Intruder0  33.4115, -96.6900, 9000.0000, 0.0000, 210.0000, 0.0000, 269.0
Ownship  33.7613, -96.7000, 8700.0000, 180.0000, 151.0000, 0.0000, 270.0
Intruder0  33.4125, -96.6900, 9000.0000, 0.0000, 210.0000, 0.0000, 270.0
Ownship  33.7606, -96.7000, 8700.0000, 180.0000, 151.0000, 0.0000, 271.0
Intruder0  33.4135, -96.6900, 9000.0000, 0.0000, 210.0000, 0.0000, 271.0
Ownship  33.7599, -96.7000, 8700.0000, 180.0000, 151.0000, 0.0000, 272.0
Intruder0  33.4144, -96.6900, 9000.0000, 0.0000, 210.0000, 0.0000, 272.0
Ownship  33.7592, -96.7000, 8700.0000, 180.0000, 151.0000, 0.0000, 273.0
Intruder0  33.4154, -96.6900, 9000.0000, 0.0000, 210.0000, 0.0000, 273.0
Ownship  33.7585, -96.7000, 8700.0000, 180.0000, 151.0000, 0.0000, 274.0
Intruder0  33.4164, -96.6900, 9000.0000, 0.0000, 210.0000, 0.0000, 274.0
Ownship  33.7578, -96.7000, 8700.0000, 180.0000, 151.0000, 0.0000, 275.0
Intruder0  33.4174, -96.6900, 9000.0000, 0.0000, 210.0000, 0.0000, 275.0
Ownship  33.7571, -96.7000, 8700.0000, 180.0000, 151.0000, 0.0000, 276.0
Intruder0  33.4183, -96.6900, 9000.0000, 0.0000, 210.0000, 0.0000, 276.0
Ownship  33.7564, -96.7000, 8700.0000, 180.0000, 151.0000, 0.0000, 277.0
Intruder0  33.4193, -96.6900, 9000.0000, 0.0000, 210.0000, 0.0000, 277.0
Ownship  33.7557, -96.7000, 8700.0000, 180.0000, 151.0000, 0.0000, 278.0
Intruder0  33.4203, -96.6900, 9000.0000, 0.0000, 210.0000, 0.0000, 278.0
Ownship  33.7550, -96.7000, 8700.0000, 180.0000, 151.0000, 0.0000, 279.0
Intruder0  33.4212, -96.6900, 9000.0000, 0.0000, 210.0000, 0.0000, 279.0
Ownship  33.7543, -96.7000, 8700.0000, 180.0000, 151.0000, 0.0000, 280.0
Intruder0  33.4222, -96.6900, 9000.0000, 0.0000, 210.0000, 0.0000, 280.0
Ownship  33.7536, -96.7000, 8700.0000, 180.0000, 151.0000, 0.0000, 281.0
Intruder0  33.4232, -96.6900, 9000.0000, 0.0000, 210.0000, 0.0000, 281.0
Ownship  33.7529, -96.7000, 8700.0000, 180.0000, 151.0000, 0.0000, 282.0
Intruder0  33.4242, -96.6900, 9000.0000, 0.0000, 210.0000, 0.0000, 282.0
Ownship  33.7522, -96.7000, 8700.0000, 180.0000, 151.0000, 0.0000, 283.0
Intruder0  33.4251, -96.6900, 9000.0000, 0.0000, 210.0000, 0.0000, 283.0
Ownship  33.7515, -96.7000, 8700.0000, 180.0000, 151.0000, 0.0000, 284.0
Intruder0  33.4261, -96.6900, 9000.0000, 0.0000, 210.0000, 0.0000, 284.0
Ownship  33.7508, -96.7000, 8700.0000, 180.0000, 151.0000, 0.0000, 285.0
Intruder0  33.4271, -96.6900, 9000.0000, 0.0000, 210.0000, 0.0000, 285.0
Ownship  33.7501, -96.7000, 8700.0000, 180.0000, 151.0000, 0.0000, 286.0
Intruder0  33.4281, -96.6900, 9000.0000, 0.0000, 210.0000, 0.0000, 286.0
Ownship  33.7494, -96.7000, 8700.0000, 180.0000, 151.0000, 0.0000, 287.0
Intruder0  33.4290, -96.6900, 9000.0000, 0.0000, 210.0000, 0.0000, 287.0
Ownship  33.7487, -96.7000, 8700.0000, 180.0000, 151.0000, 0.0000, 288.0
Intruder0  33.4300, -96.6900, 9000.0000, 0.0000, 210.0000, 0.0000, 288.0
Ownship  33.7480, -96.7000, 8700.0000, 180.0000, 151.0000, 0.0000, 289.0
Intruder0  33.4310, -96.6900, 9000.0000, 0.0000, 210.0000, 0.0000, 289.0
Ownship  33.7473, -96.7000, 8700.0000, 180.0000, 151.0000, 0.0000, 290.0
Intruder0  33.4319, -96.6900, 9000.0000, 0.0000, 210.0000, 0.0000, 290.0
Ownship  33.7466, -96.7000, 8700.0000, 180.0000, 151.0000, 0.0000, 291.0
Intruder0  33.4329, -96.6900, 9000.0000, 0.0000, 210.0000, 0.0000, 291.0
Ownship  33.7459, -96.7000, 8700.0000, 180.0000, 151.0000, 0.0000, 292.0
Intruder0  33.4339, -96.6900, 9000.0000, 0.0000, 210.0000, 0.0000, 292.0
Ownship  33.7452, -96.7000, 8700.0000, 180.0000, 151.0000, 0.0000, 293.0
Intruder0  33.4349, -96.6900, 9000.0000, 0.0000, 210.0000, 0.0000, 293.0
Ownship  33.7445, -96.7000, 8700.0000, 180.0000, 151.0000, 0.0000, 294.0
Intruder0  33.4358, -96.6900, 9000.0000, 0.0000, 210.0000, 0.0000, 294.0
Ownship  33.7438, -96.7000, 8700.0000, 180.0000, 151.0000, 0.0000, 295.0
Intruder0  33.4368, -96.6900, 9000.0000, 0.0000, 210.0000, 0.0000, 295.0
Ownship  33.7431, -96.7000, 8700.0000, 180.0000, 151.0000, 0.0000, 296.0
Intruder0  33.4378, -96.6900, 9000.0000, 0.0000, 210.0000, 0.0000, 296.0
Ownship  33.7424, -96.7000, 8700.0000, 180.0000, 151.0000, 0.0000, 297.0
Intruder0  33.4388, -96.6900, 9000.0000, 0.0000, 210.0000, 0.0000, 297.0
Ownship  33.7417, -96.7000, 8700.0000, 180.0000, 151.0000, 0.0000, 298.0
Intruder0  33.4397, -96.6900, 9000.0000, 0.0000, 210.0000, 0.0000, 298.0
Ownship  33.7410, -96.7000, 8700.0000, 180.0000, 151.0000, 0.0000, 299.0
Intruder0  33.4407, -96.6900, 9000.0000, 0.0000, 210.0000, 0.0000, 299.0
Ownship  33.7403, -96.7000, 8700.0000, 180.0000, 151.0000, 0.0000, 300.0
Intruder0  33.4417, -96.6900, 9000.0000, 0.0000, 210.0000, 0.0000, 300.0
Ownship  33.7396, -96.7000, 8700.0000, 180.0000, 151.0000, 0.0000, 301.0
Intruder0  33.4426, -96.6900, 9000.0000, 0.0000, 210.0000, 0.0000, 301.0
Ownship  33.7389, -96.7000, 8700.0000, 180.0000, 151.0000, 0.0000, 302.0
Intruder0  33.4436, -96.6900, 9000.0000, 0.0000, 210.0000, 0.0000, 302.0
Ownship  33.7382, -96.7000, 8700.0000, 180.0000, 151.0000, 0.0000, 303.0
Intruder0  33.4446, -96.6900, 9000.0000, 0.0000, 210.0000, 0.0000, 303.0
Ownship  33.7375, -96.7000, 8700.0000, 180.0000, 151.0000, 0.0000, 304.0
Intruder0  33.4456, -96.6900, 9000.0000, 0.0000, 210.0000, 0.0000, 304.0
Ownship  33.7368, -96.7000, 8700.0000, 180.0000, 151.0000, 0.0000, 305.0
Intruder0  33.4465, -96.6900, 9000.0000, 0.0000, 210.0000, 0.0000, 305.0
Ownship  33.7361, -96.7000, 8700.0000, 180.0000, 151.0000, 0.0000, 306.0
Intruder0  33.4475, -96.6900, 9000.0000, 0.0000, 210.0000, 0.0000, 306.0
Ownship  33.7354, -96.7000, 8700.0000, 180.0000, 151.0000, 0.0000, 307.0
Intruder0  33.4485, -96.6900, 9000.0000, 0.0000, 210.0000, 0.0000, 307.0
Ownship  33.7347, -96.7000, 8700.0000, 180.0000, 151.0000, 0.0000, 308.0
Intruder0  33.4494, -96.6900, 9000.0000, 0.0000, 210.0000, 0.0000, 308.0
Ownship  33.7340, -96.7000, 8700.0000, 180.0000, 151.0000, 0.0000, 309.0
Intruder0  33.4504, -96.6900, 9000.0000, 0.0000, 210.0000, 0.0000, 309.0
Ownship  33.7333, -96.7000, 8700.0000, 180.0000, 151.0000, 0.0000, 310.0
Intruder0  33.4514, -96.6900, 9000.0000, 0.0000, 210.0000, 0.0000, 310.0
Ownship  33.7326, -96.7000, 8700.0000, 180.0000, 151.0000, 0.0000, 311.0
Intruder0  33.4524, -96.6900, 9000.0000, 0.0000, 210.0000, 0.0000, 311.0
Ownship  33.7319, -96.7000, 8700.0000, 180.0000, 151.0000, 0.0000, 312.0
Intruder0  33.4533, -96.6900, 9000.0000, 0.0000, 210.0000, 0.0000, 312.0
Ownship  33.7312, -96.7000, 8700.0000, 180.0000, 151.0000, 0.0000, 313.0
Intruder0  33.4543, -96.6900, 9000.0000, 0.0000, 210.0000, 0.0000, 313.0
Ownship  33.7305, -96.7000, 8700.0000, 180.0000, 151.0000, 0.0000, 314.0
Intruder0  33.4553, -96.6900, 9000.0000, 0.0000, 210.0000, 0.0000, 314.0
Ownship  33.7298, -96.7000, 8700.0000, 180.0000, 151.0000, 0.0000, 315.0
Intruder0  33.4562, -96.6900, 9000.0000, 0.0000, 210.0000, 0.0000, 315.0
Ownship  33.7291, -96.7000, 8700.0000, 180.0000, 151.0000, 0.0000, 316.0
Intruder0  33.4572, -96.6900, 9000.0000, 0.0000, 210.0000, 0.0000, 316.0
Ownship  33.7284, -96.7000, 8700.0000, 180.0000, 151.0000, 0.0000, 317.0
Intruder0  33.4582, -96.6900, 9000.0000, 0.0000, 210.0000, 0.0000, 317.0
Ownship  33.7277, -96.7000, 8700.0000, 180.0000, 151.0000, 0.0000, 318.0
Intruder0  33.4592, -96.6900, 9000.0000, 0.0000, 210.0000, 0.0000, 318.0
Ownship  33.7270, -96.7000, 8700.0000, 180.0000, 151.0000, 0.0000, 319.0
Intruder0  33.4601, -96.6900, 9000.0000, 0.0000, 210.0000, 0.0000, 319.0
Ownship  33.7263, -96.7000, 8700.0000, 180.0000, 151.0000, 0.0000, 320.0
Intruder0  33.4611, -96.6900, 9000.0000, 0.0000, 210.0000, 0.0000, 320.0
Ownship  33.7256, -96.7000, 8700.0000, 180.0000, 151.0000, 0.0000, 321.0
Intruder0  33.4621, -96.6900, 9000.0000, 0.0000, 210.0000, 0.0000, 321.0
Ownship  33.7249, -96.7000, 8700.0000, 180.0000, 151.0000, 0.0000, 322.0
Intruder0  33.4631, -96.6900, 9000.0000, 0.0000, 210.0000, 0.0000, 322.0
Ownship  33.7242, -96.7000, 8700.0000, 180.0000, 151.0000, 0.0000, 323.0
Intruder0  33.4640, -96.6900, 9000.0000, 0.0000, 210.0000, 0.0000, 323.0
Ownship  33.7235, -96.7000, 8700.0000, 180.0000, 151.0000, 0.0000, 324.0
Intruder0  33.4650, -96.6900, 9000.0000, 0.0000, 210.0000, 0.0000, 324.0
Ownship  33.7228, -96.7000, 8700.0000, 180.0000, 151.0000, 0.0000, 325.0
Intruder0  33.4660, -96.6900, 9000.0000, 0.0000, 210.0000, 0.0000, 325.0
Ownship  33.7221, -96.7000, 8700.0000, 180.0000, 151.0000, 0.0000, 326.0
Intruder0  33.4669, -96.6900, 9000.0000, 0.0000, 210.0000, 0.0000, 326.0
Ownship  33.7214, -96.7000, 8700.0000, 180.0000, 151.0000, 0.0000, 327.0
Intruder0  33.4679, -96.6900, 9000.0000, 0.0000, 210.0000, 0.0000, 327.0
Ownship  33.7207, -96.7000, 8700.0000, 180.0000, 151.0000, 0.0000, 328.0
Intruder0  33.4689, -96.6900, 9000.0000, 0.0000, 210.0000, 0.0000, 328.0
Ownship  33.7200, -96.7000, 8700.0000, 180.0000, 151.0000, 0.0000, 329.0
Intruder0  33.4699, -96.6900, 9000.0000, 0.0000, 210.0000, 0.0000, 329.0
Ownship  33.7193, -96.7000, 8700.0000, 180.0000, 151.0000, 0.0000, 330.0
Intruder0  33.4708, -96.6900, 9000.0000, 0.0000, 210.0000, 0.0000, 330.0
Ownship  33.7186, -96.7000, 8700.0000, 180.0000, 151.0000, 0.0000, 331.0
Intruder0  33.4718, -96.6900, 9000.0000, 0.0000, 210.0000, 0.0000, 331.0
Ownship  33.7179, -96.7000, 8700.0000, 180.0000, 151.0000, 0.0000, 332.0
Intruder0  33.4728, -96.6900, 9000.0000, 0.0000, 210.0000, 0.0000, 332.0
Ownship  33.7172, -96.7000, 8700.0000, 180.0000, 151.0000, 0.0000, 333.0
Intruder0  33.4738, -96.6900, 9000.0000, 0.0000, 210.0000, 0.0000, 333.0
Ownship  33.7165, -96.7000, 8700.0000, 180.0000, 151.0000, 0.0000, 334.0
Intruder0  33.4747, -96.6900, 9000.0000, 0.0000, 210.0000, 0.0000, 334.0
Ownship  33.7158, -96.7000, 8700.0000, 180.0000, 151.0000, 0.0000, 335.0
Intruder0  33.4757, -96.6900, 9000.0000, 0.0000, 210.0000, 0.0000, 335.0
Ownship  33.7151, -96.7000, 8700.0000, 180.0000, 151.0000, 0.0000, 336.0
Intruder0  33.4767, -96.6900, 9000.0000, 0.0000, 210.0000, 0.0000, 336.0
Ownship  33.7144, -96.7000, 8700.0000, 180.0000, 151.0000, 0.0000, 337.0
Intruder0  33.4776, -96.6900, 9000.0000, 0.0000, 210.0000, 0.0000, 337.0
Ownship  33.7137, -96.7000, 8700.0000, 180.0000, 151.0000, 0.0000, 338.0
Intruder0  33.4786, -96.6900, 9000.0000, 0.0000, 210.0000, 0.0000, 338.0
Ownship  33.7130, -96.7000, 8700.0000, 180.0000, 151.0000, 0.0000, 339.0
Intruder0  33.4796, -96.6900, 9000.0000, 0.0000, 210.0000, 0.0000, 339.0
Ownship  33.7123, -96.7000, 8700.0000, 180.0000, 151.0000, 0.0000, 340.0
Intruder0  33.4806, -96.6900, 9000.0000, 0.0000, 210.0000, 0.0000, 340.0
Ownship  33.7116, -96.7000, 8700.0000, 180.0000, 151.0000, 0.0000, 341.0
Intruder0  33.4815, -96.6900, 9000.0000, 0.0000, 210.0000, 0.0000, 341.0
Ownship  33.7109, -96.7000, 8700.0000, 180.0000, 151.0000, 0.0000, 342.0
Intruder0  33.4825, -96.6900, 9000.0000, 0.0000, 210.0000, 0.0000, 342.0
Ownship  33.7102, -96.7000, 8700.0000, 180.0000, 151.0000, 0.0000, 343.0
Intruder0  33.4835, -96.6900, 9000.0000, 0.0000, 210.0000, 0.0000, 343.0
Ownship  33.7095, -96.7000, 8700.0000, 180.0000, 151.0000, 0.0000, 344.0
Intruder0  33.4844, -96.6900, 9000.0000, 0.0000, 210.0000, 0.0000, 344.0
Ownship  33.7088, -96.7000, 8700.0000, 180.0000, 151.0000, 0.0000, 345.0
Intruder0  33.4854, -96.6900, 9000.0000, 0.0000, 210.0000, 0.0000, 345.0
Ownship  33.7081, -96.7000, 8700.0000, 180.0000, 151.0000, 0.0000, 346.0
Intruder0  33.4864, -96.6900, 9000.0000, 0.0000, 210.0000, 0.0000, 346.0
Ownship  33.7074, -96.7000, 8700.0000, 180.0000, 151.0000, 0.0000, 347.0
Intruder0  33.4874, -96.6900, 9000.0000, 0.0000, 210.0000, 0.0000, 347.0
Ownship  33.7067, -96.7000, 8700.0000, 180.0000, 151.0000, 0.0000, 348.0
Intruder0  33.4883, -96.6900, 9000.0000, 0.0000, 210.0000, 0.0000, 348.0
Ownship  33.7060, -96.7000, 8700.0000, 180.0000, 151.0000, 0.0000, 349.0
Intruder0  33.4893, -96.6900, 9000.0000, 0.0000, 210.0000, 0.0000, 349.0
Ownship  33.7053, -96.7000, 8700.0000, 180.0000, 151.0000, 0.0000, 350.0
Intruder0  33.4903, -96.6900, 9000.0000, 0.0000, 210.0000, 0.0000, 350.0
Ownship  33.7046, -96.7000, 8700.0000, 180.0000, 151.0000, 0.0000, 351.0
Intruder0  33.4912, -96.6900, 9000.0000, 0.0000, 210.0000, 0.0000, 351.0
Ownship  33.7039, -96.7000, 8700.0000, 180.0000, 151.0000, 0.0000, 352.0
Intruder0  33.4922, -96.6900, 9000.0000, 0.0000, 210.0000, 0.0000, 352.0
Ownship  33.7032, -96.7000, 8700.0000, 180.0000, 151.0000, 0.0000, 353.0
Intruder0  33.4932, -96.6900, 9000.0000, 0.0000, 210.0000, 0.0000, 353.0
Ownship  33.7025, -96.7000, 8700.0000, 180.0000, 151.0000, 0.0000, 354.0
Intruder0  33.4942, -96.6900, 9000.0000, 0.0000, 210.0000, 0.0000, 354.0
Ownship  33.7018, -96.7000, 8700.0000, 180.0000, 151.0000, 0.0000, 355.0
Intruder0  33.4951, -96.6900, 9000.0000, 0.0000, 210.0000, 0.0000, 355.0
Ownship  33.7011, -96.7000, 8700.0000, 180.0000, 151.0000, 0.0000, 356.0
Intruder0  33.4961, -96.6900, 9000.0000, 0.0000, 210.0000, 0.0000, 356.0
Ownship  33.7004, -96.7000, 8700.0000, 180.0000, 151.0000, 0.0000, 357.0
Intruder0  33.4971, -96.6900, 9000.0000, 0.0000, 210.0000, 0.0000, 357.0
Ownship  33.6997, -96.7000, 8700.0000, 180.0000, 151.0000, 0.0000, 358.0
Intruder0  33.4981, -96.6900, 9000.0000, 0.0000, 210.0000, 0.0000, 358.0
Ownship  33.6990, -96.7000, 8700.0000, 180.0000, 151.0000, 0.0000, 359.0
Intruder0  33.4990, -96.6900, 9000.0000, 0.0000, 210.0000, 0.0000, 359.0
Ownship  33.6983, -96.7000, 8700.0000, 180.0000, 151.0000, 0.0000, 360.0
Intruder0  33.5000, -96.6900, 9000.0000, 0.0000, 210.0000, 0.0000, 360.0
Ownship  33.6976, -96.7000, 8700.0000, 180.0000, 151.0000, 0.0000, 361.0
Intruder0  33.5010, -96.6900, 9000.0000, 0.0000, 210.0000, 0.0000, 361.0
Ownship  33.6969, -96.7000, 8700.0000, 180.0000, 151.0000, 0.0000, 362.0
Intruder0  33.5019, -96.6900, 9000.0000, 0.0000, 210.0000, 0.0000, 362.0
Ownship  33.6962, -96.7000, 8700.0000, 180.0000, 151.0000, 0.0000, 363.0
Intruder0  33.5029, -96.6900, 9000.0000, 0.0000, 210.0000, 0.0000, 363.0
Ownship  33.6955, -96.7000, 8700.0000, 180.0000, 151.0000, 0.0000, 364.0
Intruder0  33.5039, -96.6900, 9000.0000, 0.0000, 210.0000, 0.0000, 364.0
Ownship  33.6948, -96.7000, 8700.0000, 180.0000, 151.0000, 0.0000, 365.0
Intruder0  33.5049, -96.6900, 9000.0000, 0.0000, 210.0000, 0.0000, 365.0
Ownship  33.6941, -96.7000, 8700.0000, 180.0000, 151.0000, 0.0000, 366.0
Intruder0  33.5058, -96.6900, 9000.0000, 0.0000, 210.0000, 0.0000, 366.0
Ownship  33.6934, -96.7000, 8700.0000, 180.0000, 151.0000, 0.0000, 367.0
Intruder0  33.5068, -96.6900, 9000.0000, 0.0000, 210.0000, 0.0000, 367.0
Ownship  33.6927, -96.7000, 8700.0000, 180.0000, 151.0000, 0.0000, 368.0
Intruder0  33.5078, -96.6900, 9000.0000, 0.0000, 210.0000, 0.0000, 368.0
Ownship  33.6920, -96.7000, 8700.0000, 180.0000, 151.0000, 0.0000, 369.0
Intruder0  33.5088, -96.6900, 9000.0000, 0.0000, 210.0000, 0.0000, 369.0
Ownship  33.6913, -96.7000, 8700.0000, 180.0000, 151.0000, 0.0000, 370.0
Intruder0  33.5097, -96.6900, 9000.0000, 0.0000, 210.0000, 0.0000, 370.0
Ownship  33.6906, -96.7000, 8700.0000, 180.0000, 151.0000, 0.0000, 371.0
Intruder0  33.5107, -96.6900, 9000.0000, 0.0000, 210.0000, 0.0000, 371.0
Ownship  33.6899, -96.7000, 8700.0000, 180.0000, 151.0000, 0.0000, 372.0
Intruder0  33.5117, -96.6900, 9000.0000, 0.0000, 210.0000, 0.0000, 372.0
Ownship  33.6892, -96.7000, 8700.0000, 180.0000, 151.0000, 0.0000, 373.0
Intruder0  33.5126, -96.6900, 9000.0000, 0.0000, 210.0000, 0.0000, 373.0
Ownship  33.6885, -96.7000, 8700.0000, 180.0000, 151.0000, 0.0000, 374.0
Intruder0  33.5136, -96.6900, 9000.0000, 0.0000, 210.0000, 0.0000, 374.0
Ownship  33.6878, -96.7000, 8700.0000, 180.0000, 151.0000, 0.0000, 375.0
Intruder0  33.5146, -96.6900, 9000.0000, 0.0000, 210.0000, 0.0000, 375.0
Ownship  33.6871, -96.7000, 8700.0000, 180.0000, 151.0000, 0.0000, 376.0
Intruder0  33.5156, -96.6900, 9000.0000, 0.0000, 210.0000, 0.0000, 376.0
Ownship  33.6864, -96.7000, 8700.0000, 180.0000, 151.0000, 0.0000, 377.0
Intruder0  33.5165, -96.6900, 9000.0000, 0.0000, 210.0000, 0.0000, 377.0
Ownship  33.6858, -96.7000, 8700.0000, 180.0000, 151.0000, 0.0000, 378.0
Intruder0  33.5175, -96.6900, 9000.0000, 0.0000, 210.0000, 0.0000, 378.0
Ownship  33.6851, -96.7000, 8700.0000, 180.0000, 151.0000, 0.0000, 379.0
Intruder0  33.5185, -96.6900, 9000.0000, 0.0000, 210.0000, 0.0000, 379.0
Ownship  33.6844, -96.7000, 8700.0000, 180.0000, 151.0000, 0.0000, 380.0
Intruder0  33.5194, -96.6900, 9000.0000, 0.0000, 210.0000, 0.0000, 380.0
Ownship  33.6837, -96.7000, 8700.0000, 180.0000, 151.0000, 0.0000, 381.0
Intruder0  33.5204, -96.6900, 9000.0000, 0.0000, 210.0000, 0.0000, 381.0
Ownship  33.6830, -96.7000, 8700.0000, 180.0000, 151.0000, 0.0000, 382.0
Intruder0  33.5214, -96.6900, 9000.0000, 0.0000, 210.0000, 0.0000, 382.0
Ownship  33.6823, -96.7000, 8700.0000, 180.0000, 151.0000, 0.0000, 383.0
Intruder0  33.5224, -96.6900, 9000.0000, 0.0000, 210.0000, 0.0000, 383.0
Ownship  33.6816, -96.7000, 8700.0000, 180.0000, 151.0000, 0.0000, 384.0
Intruder0  33.5233, -96.6900, 9000.0000, 0.0000, 210.0000, 0.0000, 384.0
Ownship  33.6809, -96.7000, 8700.0000, 180.0000, 151.0000, 0.0000, 385.0
Intruder0  33.5243, -96.6900, 9000.0000, 0.0000, 210.0000, 0.0000, 385.0
Ownship  33.6802, -96.7000, 8700.0000, 180.0000, 151.0000, 0.0000, 386.0
Intruder0  33.5253, -96.6900, 9000.0000, 0.0000, 210.0000, 0.0000, 386.0
Ownship  33.6795, -96.7000, 8700.0000, 180.0000, 151.0000, 0.0000, 387.0
Intruder0  33.5262, -96.6900, 9000.0000, 0.0000, 210.0000, 0.0000, 387.0
Ownship  33.6788, -96.7000, 8700.0000, 180.0000, 151.0000, 0.0000, 388.0
Intruder0  33.5272, -96.6900, 9000.0000, 0.0000, 210.0000, 0.0000, 388.0
Ownship  33.6781, -96.7000, 8700.0000, 180.0000, 151.0000, 0.0000, 389.0
Intruder0  33.5282, -96.6900, 9000.0000, 0.0000, 210.0000, 0.0000, 389.0
Ownship  33.6774, -96.7000, 8700.0000, 180.0000, 151.0000, 0.0000, 390.0
Intruder0  33.5292, -96.6900, 9000.0000, 0.0000, 210.0000, 0.0000, 390.0
Ownship  33.6767, -96.7000, 8700.0000, 180.0000, 151.0000, 0.0000, 391.0
Intruder0  33.5301, -96.6900, 9000.0000, 0.0000, 210.0000, 0.0000, 391.0
Ownship  33.6760, -96.7000, 8700.0000, 180.0000, 151.0000, 0.0000, 392.0
Intruder0  33.5311, -96.6900, 9000.0000, 0.0000, 210.0000, 0.0000, 392.0
Ownship  33.6753, -96.7000, 8700.0000, 180.0000, 151.0000, 0.0000, 393.0
Intruder0  33.5321, -96.6900, 9000.0000, 0.0000, 210.0000, 0.0000, 393.0
Ownship  33.6746, -96.7000, 8700.0000, 180.0000, 151.0000, 0.0000, 394.0
Intruder0  33.5331, -96.6900, 9000.0000, 0.0000, 210.0000, 0.0000, 394.0
Ownship  33.6739, -96.7000, 8700.0000, 180.0000, 151.0000, 0.0000, 395.0
Intruder0  33.5340, -96.6900, 9000.0000, 0.0000, 210.0000, 0.0000, 395.0
Ownship  33.6732, -96.7000, 8700.0000, 180.0000, 151.0000, 0.0000, 396.0
Intruder0  33.5350, -96.6900, 9000.0000, 0.0000, 210.0000, 0.0000, 396.0
Ownship  33.6725, -96.7000, 8700.0000, 180.0000, 151.0000, 0.0000, 397.0
Intruder0  33.5360, -96.6900, 9000.0000, 0.0000, 210.0000, 0.0000, 397.0
Ownship  33.6718, -96.7000, 8700.0000, 180.0000, 151.0000, 0.0000, 398.0
Intruder0  33.5369, -96.6900, 9000.0000, 0.0000, 210.0000, 0.0000, 398.0
Ownship  33.6711, -96.7000, 8700.0000, 180.0000, 151.0000, 0.0000, 399.0
Intruder0  33.5379, -96.6900, 9000.0000, 0.0000, 210.0000, 0.0000, 399.0
Ownship  33.6704, -96.7000, 8700.0000, 180.0000, 151.0000, 0.0000, 400.0
Intruder0  33.5389, -96.6900, 9000.0000, 0.0000, 210.0000, 0.0000, 400.0
Ownship  33.6697, -96.7000, 8700.0000, 180.0000, 151.0000, 0.0000, 401.0
Intruder0  33.5399, -96.6900, 9000.0000, 0.0000, 210.0000, 0.0000, 401.0
Ownship  33.6690, -96.7000, 8700.0000, 180.0000, 151.0000, 0.0000, 402.0
Intruder0  33.5408, -96.6900, 9000.0000, 0.0000, 210.0000, 0.0000, 402.0
Ownship  33.6683, -96.7000, 8700.0000, 180.0000, 151.0000, 0.0000, 403.0
Intruder0  33.5418, -96.6900, 9000.0000, 0.0000, 210.0000, 0.0000, 403.0
Ownship  33.6676, -96.7000, 8700.0000, 180.0000, 151.0000, 0.0000, 404.0
Intruder0  33.5428, -96.6900, 9000.0000, 0.0000, 210.0000, 0.0000, 404.0
Ownship  33.6669, -96.7000, 8700.0000, 180.0000, 151.0000, 0.0000, 405.0
Intruder0  33.5438, -96.6900, 9000.0000, 0.0000, 210.0000, 0.0000, 405.0
Ownship  33.6662, -96.7000, 8700.0000, 180.0000, 151.0000, 0.0000, 406.0
Intruder0  33.5447, -96.6900, 9000.0000, 0.0000, 210.0000, 0.0000, 406.0
Ownship  33.6655, -96.7000, 8700.0000, 180.0000, 151.0000, 0.0000, 407.0
Intruder0  33.5457, -96.6900, 9000.0000, 0.0000, 210.0000, 0.0000, 407.0
Ownship  33.6648, -96.7000, 8700.0000, 180.0000, 151.0000, 0.0000, 408.0
Intruder0  33.5467, -96.6900, 9000.0000, 0.0000, 210.0000, 0.0000, 408.0
Ownship  33.6641, -96.7000, 8700.0000, 180.0000, 151.0000, 0.0000, 409.0
Intruder0  33.5476, -96.6900, 9000.0000, 0.0000, 210.0000, 0.0000, 409.0
Ownship  33.6634, -96.7000, 8700.0000, 180.0000, 151.0000, 0.0000, 410.0
Intruder0  33.5486, -96.6900, 9000.0000, 0.0000, 210.0000, 0.0000, 410.0
Ownship  33.6627, -96.7000, 8700.0000, 180.0000, 151.0000, 0.0000, 411.0
Intruder0  33.5496, -96.6900, 9000.0000, 0.0000, 210.0000, 0.0000, 411.0
Ownship  33.6620, -96.7000, 8700.0000, 180.0000, 151.0000, 0.0000, 412.0
Intruder0  33.5506, -96.6900, 9000.0000, 0.0000, 210.0000, 0.0000, 412.0
Ownship  33.6613, -96.7000, 8700.0000, 180.0000, 151.0000, 0.0000, 413.0
Intruder0  33.5515, -96.6900, 9000.0000, 0.0000, 210.0000, 0.0000, 413.0
Ownship  33.6606, -96.7000, 8700.0000, 180.0000, 151.0000, 0.0000, 414.0
Intruder0  33.5525, -96.6900, 9000.0000, 0.0000, 210.0000, 0.0000, 414.0
Ownship  33.6599, -96.7000, 8700.0000, 180.0000, 151.0000, 0.0000, 415.0
Intruder0  33.5535, -96.6900, 9000.0000, 0.0000, 210.0000, 0.0000, 415.0
Ownship  33.6592, -96.7000, 8700.0000, 180.0000, 151.0000, 0.0000, 416.0
Intruder0  33.5544, -96.6900, 9000.0000, 0.0000, 210.0000, 0.0000, 416.0
Ownship  33.6585, -96.7000, 8700.0000, 180.0000, 151.0000, 0.0000, 417.0
Intruder0  33.5554, -96.6900, 9000.0000, 0.0000, 210.0000, 0.0000, 417.0
Ownship  33.6578, -96.7000, 8700.0000, 180.0000, 151.0000, 0.0000, 418.0
Intruder0  33.5564, -96.6900, 9000.0000, 0.0000, 210.0000, 0.0000, 418.0
Ownship  33.6571, -96.7000, 8700.0000, 180.0000, 151.0000, 0.0000, 419.0
Intruder0  33.5574, -96.6900, 9000.0000, 0.0000, 210.0000, 0.0000, 419.0
Ownship  33.6564, -96.7000, 8700.0000, 180.0000, 151.0000, 0.0000, 420.0
Intruder0  33.5583, -96.6900, 9000.0000, 0.0000, 210.0000, 0.0000, 420.0
Ownship  33.6557, -96.7000, 8700.0000, 180.0000, 151.0000, 0.0000, 421.0
Intruder0  33.5593, -96.6900, 9000.0000, 0.0000, 210.0000, 0.0000, 421.0
Ownship  33.6550, -96.7000, 8700.0000, 180.0000, 151.0000, 0.0000, 422.0
Intruder0  33.5603, -96.6900, 9000.0000, 0.0000, 210.0000, 0.0000, 422.0
Ownship  33.6543, -96.7000, 8700.0000, 180.0000, 151.0000, 0.0000, 423.0
Intruder0  33.5612, -96.6900, 9000.0000, 0.0000, 210.0000, 0.0000, 423.0
Ownship  33.6536, -96.7000, 8700.0000, 180.0000, 151.0000, 0.0000, 424.0
Intruder0  33.5622, -96.6900, 9000.0000, 0.0000, 210.0000, 0.0000, 424.0
Ownship  33.6529, -96.7000, 8700.0000, 180.0000, 151.0000, 0.0000, 425.0
Intruder0  33.5632, -96.6900, 9000.0000, 0.0000, 210.0000, 0.0000, 425.0
Ownship  33.6522, -96.7000, 8700.0000, 180.0000, 151.0000, 0.0000, 426.0
Intruder0  33.5642, -96.6900, 9000.0000, 0.0000, 210.0000, 0.0000, 426.0
Ownship  33.6515, -96.7000, 8700.0000, 180.0000, 151.0000, 0.0000, 427.0
Intruder0  33.5651, -96.6900, 9000.0000, 0.0000, 210.0000, 0.0000, 427.0
Ownship  33.6508, -96.7000, 8700.0000, 180.0000, 151.0000, 0.0000, 428.0
Intruder0  33.5661, -96.6900, 9000.0000, 0.0000, 210.0000, 0.0000, 428.0
Ownship  33.6501, -96.7000, 8700.0000, 180.0000, 151.0000, 0.0000, 429.0
Intruder0  33.5671, -96.6900, 9000.0000, 0.0000, 210.0000, 0.0000, 429.0
Ownship  33.6494, -96.7000, 8700.0000, 180.0000, 151.0000, 0.0000, 430.0
Intruder0  33.5681, -96.6900, 9000.0000, 0.0000, 210.0000, 0.0000, 430.0
Ownship  33.6487, -96.7000, 8700.0000, 180.0000, 151.0000, 0.0000, 431.0
Intruder0  33.5690, -96.6900, 9000.0000, 0.0000, 210.0000, 0.0000, 431.0
Ownship  33.6480, -96.7000, 8700.0000, 180.0000, 151.0000, 0.0000, 432.0
Intruder0  33.5700, -96.6900, 9000.0000, 0.0000, 210.0000, 0.0000, 432.0
Ownship  33.6473, -96.7000, 8700.0000, 180.0000, 151.0000, 0.0000, 433.0
Intruder0  33.5710, -96.6900, 9000.0000, 0.0000, 210.0000, 0.0000, 433.0
Ownship  33.6466, -96.7000, 8700.0000, 180.0000, 151.0000, 0.0000, 434.0
Intruder0  33.5719, -96.6900, 9000.0000, 0.0000, 210.0000, 0.0000, 434.0
Ownship  33.6459, -96.7000, 8700.0000, 180.0000, 151.0000, 0.0000, 435.0
Intruder0  33.5729, -96.6900, 9000.0000, 0.0000, 210.0000, 0.0000, 435.0
Ownship  33.6452, -96.7000, 8700.0000, 180.0000, 151.0000, 0.0000, 436.0
Intruder0  33.5739, -96.6900, 9000.0000, 0.0000, 210.0000, 0.0000, 436.0
Ownship  33.6445, -96.7000, 8700.0000, 180.0000, 151.0000, 0.0000, 437.0
Intruder0  33.5749, -96.6900, 9000.0000, 0.0000, 210.0000, 0.0000, 437.0
Ownship  33.6438, -96.7000, 8700.0000, 180.0000, 151.0000, 0.0000, 438.0
Intruder0  33.5758, -96.6900, 9000.0000, 0.0000, 210.0000, 0.0000, 438.0
Ownship  33.6431, -96.7000, 8700.0000, 180.0000, 151.0000, 0.0000, 439.0
Intruder0  33.5768, -96.6900, 9000.0000, 0.0000, 210.0000, 0.0000, 439.0
Ownship  33.6424, -96.7000, 8700.0000, 180.0000, 151.0000, 0.0000, 440.0
Intruder0  33.5778, -96.6900, 9000.0000, 0.0000, 210.0000, 0.0000, 440.0
Ownship  33.6417, -96.7000, 8700.0000, 180.0000, 151.0000, 0.0000, 441.0
Intruder0  33.5788, -96.6900, 9000.0000, 0.0000, 210.0000, 0.0000, 441.0
Ownship  33.6410, -96.7000, 8700.0000, 180.0000, 151.0000, 0.0000, 442.0
Intruder0  33.5797, -96.6900, 9000.0000, 0.0000, 210.0000, 0.0000, 442.0
Ownship  33.6403, -96.7000, 8700.0000, 180.0000, 151.0000, 0.0000, 443.0
Intruder0  33.5807, -96.6900, 9000.0000, 0.0000, 210.0000, 0.0000, 443.0
Ownship  33.6396, -96.7000, 8700.0000, 180.0000, 151.0000, 0.0000, 444.0
Intruder0  33.5817, -96.6900, 9000.0000, 0.0000, 210.0000, 0.0000, 444.0
Ownship  33.6389, -96.7000, 8700.0000, 180.0000, 151.0000, 0.0000, 445.0
Intruder0  33.5826, -96.6900, 9000.0000, 0.0000, 210.0000, 0.0000, 445.0
Ownship  33.6382, -96.7000, 8700.0000, 180.0000, 151.0000, 0.0000, 446.0
Intruder0  33.5836, -96.6900, 9000.0000, 0.0000, 210.0000, 0.0000, 446.0
Ownship  33.6375, -96.7000, 8700.0000, 180.0000, 151.0000, 0.0000, 447.0
Intruder0  33.5846, -96.6900, 9000.0000, 0.0000, 210.0000, 0.0000, 447.0
Ownship  33.6368, -96.7000, 8700.0000, 180.0000, 151.0000, 0.0000, 448.0
Intruder0  33.5856, -96.6900, 9000.0000, 0.0000, 210.0000, 0.0000, 448.0
Ownship  33.6361, -96.7000, 8700.0000, 180.0000, 151.0000, 0.0000, 449.0
Intruder0  33.5865, -96.6900, 9000.0000, 0.0000, 210.0000, 0.0000, 449.0
Ownship  33.6354, -96.7000, 8700.0000, 180.0000, 151.0000, 0.0000, 450.0
Intruder0  33.5875, -96.6900, 9000.0000, 0.0000, 210.0000, 0.0000, 450.0
Ownship  33.6347, -96.7000, 8700.0000, 180.0000, 151.0000, 0.0000, 451.0
Intruder0  33.5885, -96.6900, 9000.0000, 0.0000, 210.0000, 0.0000, 451.0
Ownship  33.6340, -96.7000, 8700.0000, 180.0000, 151.0000, 0.0000, 452.0
Intruder0  33.5894, -96.6900, 9000.0000, 0.0000, 210.0000, 0.0000, 452.0
Ownship  33.6333, -96.7000, 8700.0000, 180.0000, 151.0000, 0.0000, 453.0
Intruder0  33.5904, -96.6900, 9000.0000, 0.0000, 210.0000, 0.0000, 453.0
Ownship  33.6326, -96.7000, 8700.0000, 180.0000, 151.0000, 0.0000, 454.0
Intruder0  33.5914, -96.6900, 9000.0000, 0.0000, 210.0000, 0.0000, 454.0
Ownship  33.6319, -96.7000, 8700.0000, 180.0000, 151.0000, 0.0000, 455.0
Intruder0  33.5924, -96.6900, 9000.0000, 0.0000, 210.0000, 0.0000, 455.0
Ownship  33.6312, -96.7000, 8700.0000, 180.0000, 151.0000, 0.0000, 456.0
Intruder0  33.5933, -96.6900, 9000.0000, 0.0000, 210.0000, 0.0000, 456.0
Ownship  33.6305, -96.7000, 8700.0000, 180.0000, 151.0000, 0.0000, 457.0
Intruder0  33.5943, -96.6900, 9000.0000, 0.0000, 210.0000, 0.0000, 457.0
Ownship  33.6298, -96.7000, 8700.0000, 180.0000, 151.0000, 0.0000, 458.0
Intruder0  33.5953, -96.6900, 9000.0000, 0.0000, 210.0000, 0.0000, 458.0
Ownship  33.6291, -96.7000, 8700.0000, 180.0000, 151.0000, 0.0000, 459.0
Intruder0  33.5963, -96.6900, 9000.0000, 0.0000, 210.0000, 0.0000, 459.0
Ownship  33.6284, -96.7000, 8700.0000, 180.0000, 151.0000, 0.0000, 460.0
Intruder0  33.5972, -96.6900, 9000.0000, 0.0000, 210.0000, 0.0000, 460.0
Ownship  33.6277, -96.7000, 8700.0000, 180.0000, 151.0000, 0.0000, 461.0
Intruder0  33.5982, -96.6900, 9000.0000, 0.0000, 210.0000, 0.0000, 461.0
Ownship  33.6270, -96.7000, 8700.0000, 180.0000, 151.0000, 0.0000, 462.0
Intruder0  33.5992, -96.6900, 9000.0000, 0.0000, 210.0000, 0.0000, 462.0
Ownship  33.6263, -96.7000, 8700.0000, 180.0000, 151.0000, 0.0000, 463.0
Intruder0  33.6001, -96.6900, 9000.0000, 0.0000, 210.0000, 0.0000, 463.0
Ownship  33.6256, -96.7000, 8700.0000, 180.0000, 151.0000, 0.0000, 464.0
Intruder0  33.6011, -96.6900, 9000.0000, 0.0000, 210.0000, 0.0000, 464.0
Ownship  33.6249, -96.7000, 8700.0000, 180.0000, 151.0000, 0.0000, 465.0
Intruder0  33.6021, -96.6900, 9000.0000, 0.0000, 210.0000, 0.0000, 465.0
Ownship  33.6242, -96.7000, 8700.0000, 180.0000, 151.0000, 0.0000, 466.0
Intruder0  33.6031, -96.6900, 9000.0000, 0.0000, 210.0000, 0.0000, 466.0
Ownship  33.6235, -96.7000, 8700.0000, 180.0000, 151.0000, 0.0000, 467.0
Intruder0  33.6040, -96.6900, 9000.0000, 0.0000, 210.0000, 0.0000, 467.0
Ownship  33.6228, -96.7000, 8700.0000, 180.0000, 151.0000, 0.0000, 468.0
Intruder0  33.6050, -96.6900, 9000.0000, 0.0000, 210.0000, 0.0000, 468.0
Ownship  33.6221, -96.7000, 8700.0000, 180.0000, 151.0000, 0.0000, 469.0
Intruder0  33.6060, -96.6900, 9000.0000, 0.0000, 210.0000, 0.0000, 469.0
Ownship  33.6214, -96.7000, 8700.0000, 180.0000, 151.0000, 0.0000, 470.0
Intruder0  33.6069, -96.6900, 9000.0000, 0.0000, 210.0000, 0.0000, 470.0
Ownship  33.6207, -96.7000, 8700.0000, 180.0000, 151.0000, 0.0000, 471.0
Intruder0  33.6079, -96.6900, 9000.0000, 0.0000, 210.0000, 0.0000, 471.0
Ownship  33.6200, -96.7000, 8700.0000, 180.0000, 151.0000, 0.0000, 472.0
Intruder0  33.6089, -96.6900, 9000.0000, 0.0000, 210.0000, 0.0000, 472.0
Ownship  33.6193, -96.7000, 8700.0000, 180.0000, 151.0000, 0.0000, 473.0
Intruder0  33.6099, -96.6900, 9000.0000, 0.0000, 210.0000, 0.0000, 473.0
Ownship  33.6186, -96.7000, 8700.0000, 180.0000, 151.0000, 0.0000, 474.0
Intruder0  33.6108, -96.6900, 9000.0000, 0.0000, 210.0000, 0.0000, 474.0
Ownship  33.6179, -96.7000, 8700.0000, 180.0000, 151.0000, 0.0000, 475.0
Intruder0  33.6118, -96.6900, 9000.0000, 0.0000, 210.0000, 0.0000, 475.0
Ownship  33.6172, -96.7000, 8700.0000, 180.0000, 151.0000, 0.0000, 476.0
Intruder0  33.6128, -96.6900, 9000.0000, 0.0000, 210.0000, 0.0000, 476.0
Ownship  33.6165, -96.7000, 8700.0000, 180.0000, 151.0000, 0.0000, 477.0
Intruder0  33.6138, -96.6900, 9000.0000, 0.0000, 210.0000, 0.0000, 477.0
Ownship  33.6158, -96.7000, 8700.0000, 180.0000, 151.0000, 0.0000, 478.0
Intruder0  33.6147, -96.6900, 9000.0000, 0.0000, 210.0000, 0.0000, 478.0
Ownship  33.6151, -96.7000, 8700.0000, 180.0000, 151.0000, 0.0000, 479.0
Intruder0  33.6157, -96.6900, 9000.0000, 0.0000, 210.0000, 0.0000, 479.0
Ownship  33.6144, -96.7000, 8700.0000, 180.0000, 151.0000, 0.0000, 480.0
Intruder0  33.6167, -96.6900, 9000.0000, 0.0000, 210.0000, 0.0000, 480.0
Ownship  33.6137, -96.7000, 8700.0000, 180.0000, 151.0000, 0.0000, 481.0
Intruder0  33.6176, -96.6900, 9000.0000, 0.0000, 210.0000, 0.0000, 481.0
Ownship  33.6130, -96.7000, 8700.0000, 180.0000, 151.0000, 0.0000, 482.0
Intruder0  33.6186, -96.6900, 9000.0000, 0.0000, 210.0000, 0.0000, 482.0
Ownship  33.6123, -96.7000, 8700.0000, 180.0000, 151.0000, 0.0000, 483.0
Intruder0  33.6196, -96.6900, 9000.0000, 0.0000, 210.0000, 0.0000, 483.0
Ownship  33.6116, -96.7000, 8700.0000, 180.0000, 151.0000, 0.0000, 484.0
Intruder0  33.6206, -96.6900, 9000.0000, 0.0000, 210.0000, 0.0000, 484.0
Ownship  33.6109, -96.7000, 8700.0000, 180.0000, 151.0000, 0.0000, 485.0
Intruder0  33.6215, -96.6900, 9000.0000, 0.0000, 210.0000, 0.0000, 485.0
Ownship  33.6103, -96.7000, 8700.0000, 180.0000, 151.0000, 0.0000, 486.0
Intruder0  33.6225, -96.6900, 9000.0000, 0.0000, 210.0000, 0.0000, 486.0
Ownship  33.6096, -96.7000, 8700.0000, 180.0000, 151.0000, 0.0000, 487.0
Intruder0  33.6235, -96.6900, 9000.0000, 0.0000, 210.0000, 0.0000, 487.0
Ownship  33.6089, -96.7000, 8700.0000, 180.0000, 151.0000, 0.0000, 488.0
Intruder0  33.6244, -96.6900, 9000.0000, 0.0000, 210.0000, 0.0000, 488.0
Ownship  33.6082, -96.7000, 8700.0000, 180.0000, 151.0000, 0.0000, 489.0
Intruder0  33.6254, -96.6900, 9000.0000, 0.0000, 210.0000, 0.0000, 489.0
Ownship  33.6075, -96.7000, 8700.0000, 180.0000, 151.0000, 0.0000, 490.0
Intruder0  33.6264, -96.6900, 9000.0000, 0.0000, 210.0000, 0.0000, 490.0
Ownship  33.6068, -96.7000, 8700.0000, 180.0000, 151.0000, 0.0000, 491.0
Intruder0  33.6274, -96.6900, 9000.0000, 0.0000, 210.0000, 0.0000, 491.0
Ownship  33.6061, -96.7000, 8700.0000, 180.0000, 151.0000, 0.0000, 492.0
Intruder0  33.6283, -96.6900, 9000.0000, 0.0000, 210.0000, 0.0000, 492.0
Ownship  33.6054, -96.7000, 8700.0000, 180.0000, 151.0000, 0.0000, 493.0
Intruder0  33.6293, -96.6900, 9000.0000, 0.0000, 210.0000, 0.0000, 493.0
Ownship  33.6047, -96.7000, 8700.0000, 180.0000, 151.0000, 0.0000, 494.0
Intruder0  33.6303, -96.6900, 9000.0000, 0.0000, 210.0000, 0.0000, 494.0
Ownship  33.6040, -96.7000, 8700.0000, 180.0000, 151.0000, 0.0000, 495.0
Intruder0  33.6312, -96.6900, 9000.0000, 0.0000, 210.0000, 0.0000, 495.0
Ownship  33.6033, -96.7000, 8700.0000, 180.0000, 151.0000, 0.0000, 496.0
Intruder0  33.6322, -96.6900, 9000.0000, 0.0000, 210.0000, 0.0000, 496.0
Ownship  33.6026, -96.7000, 8700.0000, 180.0000, 151.0000, 0.0000, 497.0
Intruder0  33.6332, -96.6900, 9000.0000, 0.0000, 210.0000, 0.0000, 497.0
Ownship  33.6019, -96.7000, 8700.0000, 180.0000, 151.0000, 0.0000, 498.0
Intruder0  33.6342, -96.6900, 9000.0000, 0.0000, 210.0000, 0.0000, 498.0
Ownship  33.6012, -96.7000, 8700.0000, 180.0000, 151.0000, 0.0000, 499.0
Intruder0  33.6351, -96.6900, 9000.0000, 0.0000, 210.0000, 0.0000, 499.0
Ownship  33.6005, -96.7000, 8700.0000, 180.0000, 151.0000, 0.0000, 500.0
Intruder0  33.6361, -96.6900, 9000.0000, 0.0000, 210.0000, 0.0000, 500.0
Ownship  33.5998, -96.7000, 8700.0000, 180.0000, 151.0000, 0.0000, 501.0
Intruder0  33.6371, -96.6900, 9000.0000, 0.0000, 210.0000, 0.0000, 501.0
Ownship  33.5991, -96.7000, 8700.0000, 180.0000, 151.0000, 0.0000, 502.0
Intruder0  33.6381, -96.6900, 9000.0000, 0.0000, 210.0000, 0.0000, 502.0
Ownship  33.5984, -96.7000, 8700.0000, 180.0000, 151.0000, 0.0000, 503.0
Intruder0  33.6390, -96.6900, 9000.0000, 0.0000, 210.0000, 0.0000, 503.0
Ownship  33.5977, -96.7000, 8700.0000, 180.0000, 151.0000, 0.0000, 504.0
Intruder0  33.6400, -96.6900, 9000.0000, 0.0000, 210.0000, 0.0000, 504.0
Ownship  33.5970, -96.7000, 8700.0000, 180.0000, 151.0000, 0.0000, 505.0
Intruder0  33.6410, -96.6900, 9000.0000, 0.0000, 210.0000, 0.0000, 505.0
Ownship  33.5963, -96.7000, 8700.0000, 180.0000, 151.0000, 0.0000, 506.0
Intruder0  33.6419, -96.6900, 9000.0000, 0.0000, 210.0000, 0.0000, 506.0
Ownship  33.5956, -96.7000, 8700.0000, 180.0000, 151.0000, 0.0000, 507.0
Intruder0  33.6429, -96.6900, 9000.0000, 0.0000, 210.0000, 0.0000, 507.0
Ownship  33.5949, -96.7000, 8700.0000, 180.0000, 151.0000, 0.0000, 508.0
Intruder0  33.6439, -96.6900, 9000.0000, 0.0000, 210.0000, 0.0000, 508.0
Ownship  33.5942, -96.7000, 8700.0000, 180.0000, 151.0000, 0.0000, 509.0
Intruder0  33.6449, -96.6900, 9000.0000, 0.0000, 210.0000, 0.0000, 509.0
Ownship  33.5935, -96.7000, 8700.0000, 180.0000, 151.0000, 0.0000, 510.0
Intruder0  33.6458, -96.6900, 9000.0000, 0.0000, 210.0000, 0.0000, 510.0
Ownship  33.5928, -96.7000, 8700.0000, 180.0000, 151.0000, 0.0000, 511.0
Intruder0  33.6468, -96.6900, 9000.0000, 0.0000, 210.0000, 0.0000, 511.0
Ownship  33.5921, -96.7000, 8700.0000, 180.0000, 151.0000, 0.0000, 512.0
Intruder0  33.6478, -96.6900, 9000.0000, 0.0000, 210.0000, 0.0000, 512.0
Ownship  33.5914, -96.7000, 8700.0000, 180.0000, 151.0000, 0.0000, 513.0
Intruder0  33.6488, -96.6900, 9000.0000, 0.0000, 210.0000, 0.0000, 513.0
Ownship  33.5907, -96.7000, 8700.0000, 180.0000, 151.0000, 0.0000, 514.0
Intruder0  33.6497, -96.6900, 9000.0000, 0.0000, 210.0000, 0.0000, 514.0
Ownship  33.5900, -96.7000, 8700.0000, 180.0000, 151.0000, 0.0000, 515.0
Intruder0  33.6507, -96.6900, 9000.0000, 0.0000, 210.0000, 0.0000, 515.0
Ownship  33.5893, -96.7000, 8700.0000, 180.0000, 151.0000, 0.0000, 516.0
Intruder0  33.6517, -96.6900, 9000.0000, 0.0000, 210.0000, 0.0000, 516.0
Ownship  33.5886, -96.7000, 8700.0000, 180.0000, 151.0000, 0.0000, 517.0
Intruder0  33.6526, -96.6900, 9000.0000, 0.0000, 210.0000, 0.0000, 517.0
Ownship  33.5879, -96.7000, 8700.0000, 180.0000, 151.0000, 0.0000, 518.0
Intruder0  33.6536, -96.6900, 9000.0000, 0.0000, 210.0000, 0.0000, 518.0
Ownship  33.5872, -96.7000, 8700.0000, 180.0000, 151.0000, 0.0000, 519.0
Intruder0  33.6546, -96.6900, 9000.0000, 0.0000, 210.0000, 0.0000, 519.0
Ownship  33.5865, -96.7000, 8700.0000, 180.0000, 151.0000, 0.0000, 520.0
Intruder0  33.6556, -96.6900, 9000.0000, 0.0000, 210.0000, 0.0000, 520.0
Ownship  33.5858, -96.7000, 8700.0000, 180.0000, 151.0000, 0.0000, 521.0
Intruder0  33.6565, -96.6900, 9000.0000, 0.0000, 210.0000, 0.0000, 521.0
Ownship  33.5851, -96.7000, 8700.0000, 180.0000, 151.0000, 0.0000, 522.0
Intruder0  33.6575, -96.6900, 9000.0000, 0.0000, 210.0000, 0.0000, 522.0
Ownship  33.5844, -96.7000, 8700.0000, 180.0000, 151.0000, 0.0000, 523.0
Intruder0  33.6585, -96.6900, 9000.0000, 0.0000, 210.0000, 0.0000, 523.0
Ownship  33.5837, -96.7000, 8700.0000, 180.0000, 151.0000, 0.0000, 524.0
Intruder0  33.6594, -96.6900, 9000.0000, 0.0000, 210.0000, 0.0000, 524.0
Ownship  33.5830, -96.7000, 8700.0000, 180.0000, 151.0000, 0.0000, 525.0
Intruder0  33.6604, -96.6900, 9000.0000, 0.0000, 210.0000, 0.0000, 525.0
Ownship  33.5823, -96.7000, 8700.0000, 180.0000, 151.0000, 0.0000, 526.0
Intruder0  33.6614, -96.6900, 9000.0000, 0.0000, 210.0000, 0.0000, 526.0
Ownship  33.5816, -96.7000, 8700.0000, 180.0000, 151.0000, 0.0000, 527.0
Intruder0  33.6624, -96.6900, 9000.0000, 0.0000, 210.0000, 0.0000, 527.0
Ownship  33.5809, -96.7000, 8700.0000, 180.0000, 151.0000, 0.0000, 528.0
Intruder0  33.6633, -96.6900, 9000.0000, 0.0000, 210.0000, 0.0000, 528.0
Ownship  33.5802, -96.7000, 8700.0000, 180.0000, 151.0000, 0.0000, 529.0
Intruder0  33.6643, -96.6900, 9000.0000, 0.0000, 210.0000, 0.0000, 529.0
Ownship  33.5795, -96.7000, 8700.0000, 180.0000, 151.0000, 0.0000, 530.0
Intruder0  33.6653, -96.6900, 9000.0000, 0.0000, 210.0000, 0.0000, 530.0
Ownship  33.5788, -96.7000, 8700.0000, 180.0000, 151.0000, 0.0000, 531.0
Intruder0  33.6663, -96.6900, 9000.0000, 0.0000, 210.0000, 0.0000, 531.0
Ownship  33.5781, -96.7000, 8700.0000, 180.0000, 151.0000, 0.0000, 532.0
Intruder0  33.6672, -96.6900, 9000.0000, 0.0000, 210.0000, 0.0000, 532.0
Ownship  33.5774, -96.7000, 8700.0000, 180.0000, 151.0000, 0.0000, 533.0
Intruder0  33.6682, -96.6900, 9000.0000, 0.0000, 210.0000, 0.0000, 533.0
Ownship  33.5767, -96.7000, 8700.0000, 180.0000, 151.0000, 0.0000, 534.0
Intruder0  33.6692, -96.6900, 9000.0000, 0.0000, 210.0000, 0.0000, 534.0
Ownship  33.5760, -96.7000, 8700.0000, 180.0000, 151.0000, 0.0000, 535.0
Intruder0  33.6701, -96.6900, 9000.0000, 0.0000, 210.0000, 0.0000, 535.0
Ownship  33.5753, -96.7000, 8700.0000, 180.0000, 151.0000, 0.0000, 536.0
Intruder0  33.6711, -96.6900, 9000.0000, 0.0000, 210.0000, 0.0000, 536.0
Ownship  33.5746, -96.7000, 8700.0000, 180.0000, 151.0000, 0.0000, 537.0
Intruder0  33.6721, -96.6900, 9000.0000, 0.0000, 210.0000, 0.0000, 537.0
Ownship  33.5739, -96.7000, 8700.0000, 180.0000, 151.0000, 0.0000, 538.0
Intruder0  33.6731, -96.6900, 9000.0000, 0.0000, 210.0000, 0.0000, 538.0
Ownship  33.5732, -96.7000, 8700.0000, 180.0000, 151.0000, 0.0000, 539.0
Intruder0  33.6740, -96.6900, 9000.0000, 0.0000, 210.0000, 0.0000, 539.0
Ownship  33.5725, -96.7000, 8700.0000, 180.0000, 151.0000, 0.0000, 540.0
Intruder0  33.6750, -96.6900, 9000.0000, 0.0000, 210.0000, 0.0000, 540.0
Ownship  33.5718, -96.7000, 8700.0000, 180.0000, 151.0000, 0.0000, 541.0
Intruder0  33.6760, -96.6900, 9000.0000, 0.0000, 210.0000, 0.0000, 541.0
Ownship  33.5711, -96.7000, 8700.0000, 180.0000, 151.0000, 0.0000, 542.0
Intruder0  33.6769, -96.6900, 9000.0000, 0.0000, 210.0000, 0.0000, 542.0
Ownship  33.5704, -96.7000, 8700.0000, 180.0000, 151.0000, 0.0000, 543.0
Intruder0  33.6779, -96.6900, 9000.0000, 0.0000, 210.0000, 0.0000, 543.0
Ownship  33.5697, -96.7000, 8700.0000, 180.0000, 151.0000, 0.0000, 544.0
Intruder0  33.6789, -96.6900, 9000.0000, 0.0000, 210.0000, 0.0000, 544.0
Ownship  33.5690, -96.7000, 8700.0000, 180.0000, 151.0000, 0.0000, 545.0
Intruder0  33.6799, -96.6900, 9000.0000, 0.0000, 210.0000, 0.0000, 545.0
Ownship  33.5683, -96.7000, 8700.0000, 180.0000, 151.0000, 0.0000, 546.0
Intruder0  33.6808, -96.6900, 9000.0000, 0.0000, 210.0000, 0.0000, 546.0
Ownship  33.5676, -96.7000, 8700.0000, 180.0000, 151.0000, 0.0000, 547.0
Intruder0  33.6818, -96.6900, 9000.0000, 0.0000, 210.0000, 0.0000, 547.0
Ownship  33.5669, -96.7000, 8700.0000, 180.0000, 151.0000, 0.0000, 548.0
Intruder0  33.6828, -96.6900, 9000.0000, 0.0000, 210.0000, 0.0000, 548.0
Ownship  33.5662, -96.7000, 8700.0000, 180.0000, 151.0000, 0.0000, 549.0
Intruder0  33.6837, -96.6900, 9000.0000, 0.0000, 210.0000, 0.0000, 549.0
Ownship  33.5655, -96.7000, 8700.0000, 180.0000, 151.0000, 0.0000, 550.0
Intruder0  33.6847, -96.6900, 9000.0000, 0.0000, 210.0000, 0.0000, 550.0
Ownship  33.5648, -96.7000, 8700.0000, 180.0000, 151.0000, 0.0000, 551.0
Intruder0  33.6857, -96.6900, 9000.0000, 0.0000, 210.0000, 0.0000, 551.0
Ownship  33.5641, -96.7000, 8700.0000, 180.0000, 151.0000, 0.0000, 552.0
Intruder0  33.6867, -96.6900, 9000.0000, 0.0000, 210.0000, 0.0000, 552.0
Ownship  33.5634, -96.7000, 8700.0000, 180.0000, 151.0000, 0.0000, 553.0
Intruder0  33.6876, -96.6900, 9000.0000, 0.0000, 210.0000, 0.0000, 553.0
Ownship  33.5627, -96.7000, 8700.0000, 180.0000, 151.0000, 0.0000, 554.0
Intruder0  33.6886, -96.6900, 9000.0000, 0.0000, 210.0000, 0.0000, 554.0
Ownship  33.5620, -96.7000, 8700.0000, 180.0000, 151.0000, 0.0000, 555.0
Intruder0  33.6896, -96.6900, 9000.0000, 0.0000, 210.0000, 0.0000, 555.0
Ownship  33.5613, -96.7000, 8700.0000, 180.0000, 151.0000, 0.0000, 556.0
Intruder0  33.6906, -96.6900, 9000.0000, 0.0000, 210.0000, 0.0000, 556.0
Ownship  33.5606, -96.7000, 8700.0000, 180.0000, 151.0000, 0.0000, 557.0
Intruder0  33.6915, -96.6900, 9000.0000, 0.0000, 210.0000, 0.0000, 557.0
Ownship  33.5599, -96.7000, 8700.0000, 180.0000, 151.0000, 0.0000, 558.0
Intruder0  33.6925, -96.6900, 9000.0000, 0.0000, 210.0000, 0.0000, 558.0
Ownship  33.5592, -96.7000, 8700.0000, 180.0000, 151.0000, 0.0000, 559.0
Intruder0  33.6935, -96.6900, 9000.0000, 0.0000, 210.0000, 0.0000, 559.0
Ownship  33.5585, -96.7000, 8700.0000, 180.0000, 151.0000, 0.0000, 560.0
Intruder0  33.6944, -96.6900, 9000.0000, 0.0000, 210.0000, 0.0000, 560.0
Ownship  33.5578, -96.7000, 8700.0000, 180.0000, 151.0000, 0.0000, 561.0
Intruder0  33.6954, -96.6900, 9000.0000, 0.0000, 210.0000, 0.0000, 561.0
Ownship  33.5571, -96.7000, 8700.0000, 180.0000, 151.0000, 0.0000, 562.0
Intruder0  33.6964, -96.6900, 9000.0000, 0.0000, 210.0000, 0.0000, 562.0
Ownship  33.5564, -96.7000, 8700.0000, 180.0000, 151.0000, 0.0000, 563.0
Intruder0  33.6974, -96.6900, 9000.0000, 0.0000, 210.0000, 0.0000, 563.0
Ownship  33.5557, -96.7000, 8700.0000, 180.0000, 151.0000, 0.0000, 564.0
Intruder0  33.6983, -96.6900, 9000.0000, 0.0000, 210.0000, 0.0000, 564.0
Ownship  33.5550, -96.7000, 8700.0000, 180.0000, 151.0000, 0.0000, 565.0
Intruder0  33.6993, -96.6900, 9000.0000, 0.0000, 210.0000, 0.0000, 565.0
Ownship  33.5543, -96.7000, 8700.0000, 180.0000, 151.0000, 0.0000, 566.0
Intruder0  33.7003, -96.6900, 9000.0000, 0.0000, 210.0000, 0.0000, 566.0
Ownship  33.5536, -96.7000, 8700.0000, 180.0000, 151.0000, 0.0000, 567.0
Intruder0  33.7013, -96.6900, 9000.0000, 0.0000, 210.0000, 0.0000, 567.0
Ownship  33.5529, -96.7000, 8700.0000, 180.0000, 151.0000, 0.0000, 568.0
Intruder0  33.7022, -96.6900, 9000.0000, 0.0000, 210.0000, 0.0000, 568.0
Ownship  33.5522, -96.7000, 8700.0000, 180.0000, 151.0000, 0.0000, 569.0
Intruder0  33.7032, -96.6900, 9000.0000, 0.0000, 210.0000, 0.0000, 569.0
Ownship  33.5515, -96.7000, 8700.0000, 180.0000, 151.0000, 0.0000, 570.0
Intruder0  33.7042, -96.6900, 9000.0000, 0.0000, 210.0000, 0.0000, 570.0
Ownship  33.5508, -96.7000, 8700.0000, 180.0000, 151.0000, 0.0000, 571.0
Intruder0  33.7051, -96.6900, 9000.0000, 0.0000, 210.0000, 0.0000, 571.0
Ownship  33.5501, -96.7000, 8700.0000, 180.0000, 151.0000, 0.0000, 572.0
Intruder0  33.7061, -96.6900, 9000.0000, 0.0000, 210.0000, 0.0000, 572.0
Ownship  33.5494, -96.7000, 8700.0000, 180.0000, 151.0000, 0.0000, 573.0
Intruder0  33.7071, -96.6900, 9000.0000, 0.0000, 210.0000, 0.0000, 573.0
Ownship  33.5487, -96.7000, 8700.0000, 180.0000, 151.0000, 0.0000, 574.0
Intruder0  33.7081, -96.6900, 9000.0000, 0.0000, 210.0000, 0.0000, 574.0
Ownship  33.5480, -96.7000, 8700.0000, 180.0000, 151.0000, 0.0000, 575.0
Intruder0  33.7090, -96.6900, 9000.0000, 0.0000, 210.0000, 0.0000, 575.0
Ownship  33.5473, -96.7000, 8700.0000, 180.0000, 151.0000, 0.0000, 576.0
Intruder0  33.7100, -96.6900, 9000.0000, 0.0000, 210.0000, 0.0000, 576.0
Ownship  33.5466, -96.7000, 8700.0000, 180.0000, 151.0000, 0.0000, 577.0
Intruder0  33.7110, -96.6900, 9000.0000, 0.0000, 210.0000, 0.0000, 577.0
Ownship  33.5459, -96.7000, 8700.0000, 180.0000, 151.0000, 0.0000, 578.0
Intruder0  33.7119, -96.6900, 9000.0000, 0.0000, 210.0000, 0.0000, 578.0
Ownship  33.5452, -96.7000, 8700.0000, 180.0000, 151.0000, 0.0000, 579.0
Intruder0  33.7129, -96.6900, 9000.0000, 0.0000, 210.0000, 0.0000, 579.0
Ownship  33.5445, -96.7000, 8700.0000, 180.0000, 151.0000, 0.0000, 580.0
Intruder0  33.7139, -96.6900, 9000.0000, 0.0000, 210.0000, 0.0000, 580.0
Ownship  33.5438, -96.7000, 8700.0000, 180.0000, 151.0000, 0.0000, 581.0
Intruder0  33.7149, -96.6900, 9000.0000, 0.0000, 210.0000, 0.0000, 581.0
Ownship  33.5431, -96.7000, 8700.0000, 180.0000, 151.0000, 0.0000, 582.0
Intruder0  33.7158, -96.6900, 9000.0000, 0.0000, 210.0000, 0.0000, 582.0
Ownship  33.5424, -96.7000, 8700.0000, 180.0000, 151.0000, 0.0000, 583.0
Intruder0  33.7168, -96.6900, 9000.0000, 0.0000, 210.0000, 0.0000, 583.0
Ownship  33.5417, -96.7000, 8700.0000, 180.0000, 151.0000, 0.0000, 584.0
Intruder0  33.7178, -96.6900, 9000.0000, 0.0000, 210.0000, 0.0000, 584.0
Ownship  33.5410, -96.7000, 8700.0000, 180.0000, 151.0000, 0.0000, 585.0
Intruder0  33.7188, -96.6900, 9000.0000, 0.0000, 210.0000, 0.0000, 585.0
Ownship  33.5403, -96.7000, 8700.0000, 180.0000, 151.0000, 0.0000, 586.0
Intruder0  33.7197, -96.6900, 9000.0000, 0.0000, 210.0000, 0.0000, 586.0
Ownship  33.5396, -96.7000, 8700.0000, 180.0000, 151.0000, 0.0000, 587.0
Intruder0  33.7207, -96.6900, 9000.0000, 0.0000, 210.0000, 0.0000, 587.0
Ownship  33.5389, -96.7000, 8700.0000, 180.0000, 151.0000, 0.0000, 588.0
Intruder0  33.7217, -96.6900, 9000.0000, 0.0000, 210.0000, 0.0000, 588.0
Ownship  33.5382, -96.7000, 8700.0000, 180.0000, 151.0000, 0.0000, 589.0
Intruder0  33.7226, -96.6900, 9000.0000, 0.0000, 210.0000, 0.0000, 589.0
Ownship  33.5375, -96.7000, 8700.0000, 180.0000, 151.0000, 0.0000, 590.0
Intruder0  33.7236, -96.6900, 9000.0000, 0.0000, 210.0000, 0.0000, 590.0
Ownship  33.5368, -96.7000, 8700.0000, 180.0000, 151.0000, 0.0000, 591.0
Intruder0  33.7246, -96.6900, 9000.0000, 0.0000, 210.0000, 0.0000, 591.0
Ownship  33.5361, -96.7000, 8700.0000, 180.0000, 151.0000, 0.0000, 592.0
Intruder0  33.7256, -96.6900, 9000.0000, 0.0000, 210.0000, 0.0000, 592.0
Ownship  33.5354, -96.7000, 8700.0000, 180.0000, 151.0000, 0.0000, 593.0
Intruder0  33.7265, -96.6900, 9000.0000, 0.0000, 210.0000, 0.0000, 593.0
Ownship  33.5348, -96.7000, 8700.0000, 180.0000, 151.0000, 0.0000, 594.0
Intruder0  33.7275, -96.6900, 9000.0000, 0.0000, 210.0000, 0.0000, 594.0
Ownship  33.5341, -96.7000, 8700.0000, 180.0000, 151.0000, 0.0000, 595.0
Intruder0  33.7285, -96.6900, 9000.0000, 0.0000, 210.0000, 0.0000, 595.0
Ownship  33.5334, -96.7000, 8700.0000, 180.0000, 151.0000, 0.0000, 596.0
Intruder0  33.7294, -96.6900, 9000.0000, 0.0000, 210.0000, 0.0000, 596.0
Ownship  33.5327, -96.7000, 8700.0000, 180.0000, 151.0000, 0.0000, 597.0
Intruder0  33.7304, -96.6900, 9000.0000, 0.0000, 210.0000, 0.0000, 597.0
Ownship  33.5320, -96.7000, 8700.0000, 180.0000, 151.0000, 0.0000, 598.0
Intruder0  33.7314, -96.6900, 9000.0000, 0.0000, 210.0000, 0.0000, 598.0
Ownship  33.5313, -96.7000, 8700.0000, 180.0000, 151.0000, 0.0000, 599.0
Intruder0  33.7324, -96.6900, 9000.0000, 0.0000, 210.0000, 0.0000, 599.0
